  .1239012217521667E+00
  .2832145333290100E-01
  .2011208081245422E+00
  .7845497637987135E-02
  .3108895476400852E-03
  .4721424054780007E+02
  .1369997590780258E-01
  .2255758632111549E-02
  .4249435989475251E+02
  .2839303901906503E+02
  .8380459040107228E+01
  .5963442637963055E+02
  .1375816199183464E+01
  .4201981725916683E+00
  .4446753371662617E+02
  .4963025873419047E+00
  .4446706952516794E-01
  .8560663231921673E+02
  .1676330606580973E-01
  .4783193974841357E-01
  .2977859275873542E+02
  .4668905591867924E+00
  .1029975092230081E-01
  .2212504116828441E+02
  .2910029329955578E-01
  .8593489889545440E-02
  .9775348837974487E+02
  .6913946452775598E-01
  .2348490755110979E-02
  .1207365176778734E+02
  .9548861172257660E-01
  .5386213214187624E-02
  .8360552595519127E+02
  .5076043843751550E-01
  .4315522789024114E-02
  .7419886827492356E+02
  .6136808133467436E-01
  .2601536771049499E-02
  .2909899468692183E+02
  .3690314571380616E-01
  .8791114757359028E-03
  .4910166153311135E+01
  .1037045303532899E+00
  .1196326044983864E-02
  .6700341854510308E+01
  .1797430130968094E-01
  .2238895077061652E-03
  .1420397352568984E+02
  .8165907051472662E-01
  .1596244949424863E-02
  .1886568021000385E+02
  .3458346444390416E-01
  .6781488074362277E-03
  .5401256717613815E+02
  .5770149184017182E-01
  .2703912758778334E-02
  .9441230542482735E+01
  .6690156218910812E-01
  .4310890757441520E-03
  .2791267807069659E+02
  .2733500012669563E-01
  .8509549600660801E-03
  .3886443936983108E+02
  .5008093839247823E-01
  .4007365117788316E-04
  .2922691909337581E+02
  .1302227677373886E-01
  .9588182601928710E-03
  .4259780420100689E+01
  .3015631836225985E-01
  .5961665926575661E-04
  .5735623542338132E+02
  .3724571548658012E-01
  .3880574574971199E-03
  .3112639484885633E+02
  .3210726353752613E-01
  .1695142783463001E-03
  .4899071988127709E+02
  .5150836364192964E-01
  .1340557791906595E-03
  .9100358200698493E+02
  .3937402519903182E-01
  .6494036485326291E-03
  .2072749100346565E+02
  .4521628778386116E-01
  .3256838282573223E-03
  .9634866415959776E+02
  .2099341431373358E-02
  .7674794563138485E-03
  .1741090283349097E+02
  .4565173441343308E-01
  .3741545377969741E-04
  .3511942960198640E+02
  .2832145333290100E-05
  .1406570245733889E-06
  .6818328609658572E+02
  .5506853577948258E-02
  .2786401873651182E-03
  .7826612703940660E+02
  .1437789824172334E-01
  .3521934032513109E-03
  .6429475838362141E+02
  .8019057552450203E-02
  .4587939190395016E-03
  .8973792988931851E+02
  .1977357971964143E-01
  .1680043635262291E-03
  .8957488928595242E+02
  .1225774644313479E-01
  .3463928768497814E-03
  .7039052343749514E+01
  .3444989486457358E-01
  .9260200153576998E-04
  .2142258847442606E+02
  .6361228012878680E-02
  .2021746458379807E-03
  .1420145699768102E+02
  .2521881600212953E-01
  .2356703865403420E-03
  .2256993508901795E+02
  .7590797655448401E-02
  .1753168364853125E-03
  .5077654352204608E+02
  .1162964605052170E-01
  .3131866545195254E-03
  .1435235326277384E+02
  .1121182392565391E-01
  .2140936978686902E-03
  .3542884837415089E+02
  .7490996615753125E-02
  .2492323986304093E-03
  .2213631037356207E+02
  .2012988533797239E-01
  .1355398110356799E-04
  .1193071373052179E+03
  .5167617929069065E-02
  .1446581801168078E-03
  .4353457285862936E+01
  .9464158429692985E-02
  .2961668476528845E-04
  .1099853232704583E+03
  .2723591431305931E-01
  .3073136739039626E-04
  .1782810681412125E+01
  .1098979606547239E-01
  .9571225023890097E-04
  .7116233012175286E+02
  .1405910491117504E-01
  .5332477986017966E-04
  .4687121613305746E+02
  .1712599227816185E-01
  .7975987321640406E-04
  .4168553159346237E+02
  .1574068714211842E-01
  .5182624609896468E-04
  .1017851990940281E+03
  .2667132017878631E-02
  .1539599932043303E-03
  .1707790547912453E+02
  .2202585712225035E-01
  .2774201160284436E-04
  .2194640990754558E+02
  .2814649818939106E-02
  .9353315557761165E-04
  .4326490835913246E+02
  .1591334113779725E-02
  .5786674806863006E-04
  .2368266793771523E+02
  .1841220302262884E-01
  .7425308454040280E-04
  .8388881040036279E+02
  .4625602467282359E-02
  .1097631345465042E-03
  .3966692362808293E+02
  .1368724383430499E-01
  .4069506430050630E-04
  .5299119637673827E+01
  .7930390501846294E-02
  .8840147443726913E-04
  .6510578421921561E+01
  .1852271744430840E-01
  .2038110063096371E-04
  .2587957044716638E+02
  .4134304285049438E-03
  .0000000000000000E+00
  .0000000000000000E+00
  .2011208081245422E-02
  .0000000000000000E+00
  .0000000000000000E+00
  .9120352447032928E-03
  .0000000000000000E+00
  .0000000000000000E+00
  .1633770084381104E-02
  .0000000000000000E+00
  .0000000000000000E+00
  .1922624427080154E-02
  .0000000000000000E+00
  .0000000000000000E+00
  .8497311115264893E-03
  .0000000000000000E+00
  .0000000000000000E+00
  .1775982779264450E-02
  .0000000000000000E+00
  .0000000000000000E+00
  .5033347547054292E-03
  .0000000000000000E+00
  .0000000000000000E+00
  .1239012217521667E-02
  .0000000000000000E+00
  .0000000000000000E+00
  .1569099527597427E-02
  .0000000000000000E+00
  .0000000000000000E+00
  .1369997590780258E-02
  .0000000000000000E+00
  .0000000000000000E+00
  .2302770191431046E-02
  .0000000000000000E+00
  .0000000000000000E+00
  .1834421598911285E-02
  .0000000000000000E+00
  .0000000000000000E+00
  .2290592086315155E-02
  .0000000000000000E+00
  .0000000000000000E+00
  .1257015407085419E-03
  .0000000000000000E+00
  .0000000000000000E+00
  .1498153531551361E-02
  .0000000000000000E+00
  .0000000000000000E+00
  .2832145333290100E-03
  .0000000000000000E+00
  .0000000000000000E+00
  .3823979675769806E-03
  .0000000000000000E+00
  .0000000000000000E+00
  .1107936459779739E-02
  .0000000000000000E+00
  .0000000000000000E+00
  .7377863466739656E-03
  .0000000000000000E+00
  .0000000000000000E+00
  .1024457561969757E-02
  .0000000000000000E+00
  .0000000000000000E+00
  .6783666491508484E-03
  .0000000000000000E+00
  .0000000000000000E+00
  .2154630702733994E-02
  .0000000000000000E+00
  .0000000000000000E+00
  .4134304285049438E-03
  .0000000000000000E+00
  .0000000000000000E+00
  .2011208081245422E-02
  .0000000000000000E+00
  .0000000000000000E+00
  .9120352447032928E-03
  .0000000000000000E+00
  .0000000000000000E+00
  .1633770084381104E-02
  .0000000000000000E+00
  .0000000000000000E+00
  .1922624427080154E-02
  .0000000000000000E+00
  .0000000000000000E+00
  .8497311115264893E-03
  .0000000000000000E+00
  .0000000000000000E+00
  .1775982779264450E-02
  .0000000000000000E+00
  .0000000000000000E+00
  .5033347547054292E-03
  .0000000000000000E+00
  .0000000000000000E+00
  .1239012217521667E-02
  .0000000000000000E+00
  .0000000000000000E+00
  .1569099527597427E-02
  .0000000000000000E+00
  .0000000000000000E+00
  .1369997590780258E-02
  .0000000000000000E+00
  .0000000000000000E+00
  .2302770191431046E-02
  .0000000000000000E+00
  .0000000000000000E+00
  .1834421598911285E-02
  .0000000000000000E+00
  .0000000000000000E+00
  .2290592086315155E-02
  .0000000000000000E+00
  .0000000000000000E+00
  .1257015407085419E-03
  .0000000000000000E+00
  .0000000000000000E+00
  .1498153531551361E-02
  .0000000000000000E+00
  .0000000000000000E+00
  .2832145333290100E-03
  .0000000000000000E+00
  .0000000000000000E+00
  .3823979675769806E-03
  .0000000000000000E+00
  .0000000000000000E+00
  .1107936459779739E-02
  .0000000000000000E+00
  .0000000000000000E+00
  .7377863466739656E-03
  .0000000000000000E+00
  .0000000000000000E+00
  .1024457561969757E-02
  .0000000000000000E+00
  .0000000000000000E+00
  .6783666491508484E-03
  .0000000000000000E+00
  .0000000000000000E+00
  .2154630702733994E-02
  .0000000000000000E+00
  .0000000000000000E+00
  .4134304285049438E-03
  .0000000000000000E+00
  .0000000000000000E+00
  .2011208081245422E-02
  .0000000000000000E+00
  .0000000000000000E+00
  .9120352447032928E-03
  .0000000000000000E+00
  .0000000000000000E+00
  .1633770084381104E-02
  .0000000000000000E+00
  .0000000000000000E+00
  .1922624427080154E-02
  .0000000000000000E+00
  .0000000000000000E+00
  .8497311115264893E-03
  .0000000000000000E+00
  .0000000000000000E+00
  .1775982779264450E-02
  .0000000000000000E+00
  .0000000000000000E+00
  .5033347547054292E-03
  .0000000000000000E+00
  .0000000000000000E+00
  .1239012217521667E-02
  .0000000000000000E+00
  .0000000000000000E+00
  .1569099527597427E-02
  .0000000000000000E+00
  .0000000000000000E+00
  .1369997590780258E-02
  .0000000000000000E+00
  .0000000000000000E+00
  .2302770191431046E-02
  .0000000000000000E+00
  .0000000000000000E+00
  .1834421598911285E-02
  .0000000000000000E+00
  .0000000000000000E+00
  .2290592086315155E-02
  .0000000000000000E+00
  .0000000000000000E+00
  .1257015407085419E-03
  .0000000000000000E+00
  .0000000000000000E+00
  .1498153531551361E-02
  .0000000000000000E+00
  .0000000000000000E+00
  .2832145333290100E-03
  .0000000000000000E+00
  .0000000000000000E+00
  .3823979675769806E-03
  .0000000000000000E+00
  .0000000000000000E+00
  .1107936459779739E-02
  .0000000000000000E+00
  .0000000000000000E+00
  .7377863466739656E-03
  .0000000000000000E+00
  .0000000000000000E+00
  .1024457561969757E-02
  .0000000000000000E+00
  .0000000000000000E+00
  .6783666491508484E-03
  .0000000000000000E+00
  .0000000000000000E+00
  .2154630702733994E-02
  .0000000000000000E+00
  .0000000000000000E+00
  .4134304285049438E-03
  .0000000000000000E+00
  .0000000000000000E+00
  .2011208081245422E-02
  .0000000000000000E+00
  .0000000000000000E+00
  .9120352447032928E-03
  .0000000000000000E+00
  .0000000000000000E+00
  .1633770084381104E-02
  .0000000000000000E+00
  .0000000000000000E+00
  .1922624427080154E-02
  .0000000000000000E+00
  .0000000000000000E+00
  .8497311115264893E-03
  .0000000000000000E+00
  .0000000000000000E+00
  .1775982779264450E-02
  .0000000000000000E+00
  .0000000000000000E+00
  .5033347547054292E-03
  .0000000000000000E+00
  .0000000000000000E+00
  .1239012217521667E-02
  .0000000000000000E+00
  .0000000000000000E+00
  .1569099527597427E-02
  .0000000000000000E+00
  .0000000000000000E+00
  .1369997590780258E-02
  .0000000000000000E+00
  .0000000000000000E+00
  .2302770191431046E-02
  .0000000000000000E+00
  .0000000000000000E+00
  .1834421598911285E-02
  .0000000000000000E+00
  .0000000000000000E+00
  .2290592086315155E-02
  .0000000000000000E+00
  .0000000000000000E+00
  .1257015407085419E-03
  .0000000000000000E+00
  .0000000000000000E+00
  .1498153531551361E-02
  .0000000000000000E+00
  .0000000000000000E+00
  .2832145333290100E-03
  .0000000000000000E+00
  .0000000000000000E+00
  .3823979675769806E-03
  .0000000000000000E+00
  .0000000000000000E+00
  .1107936459779739E-02
  .0000000000000000E+00
  .0000000000000000E+00
  .7377863466739656E-03
  .0000000000000000E+00
  .0000000000000000E+00
  .1024457561969757E-02
  .0000000000000000E+00
  .0000000000000000E+00
  .6783666491508484E-03
  .0000000000000000E+00
  .0000000000000000E+00
  .2154630702733994E-02
  .0000000000000000E+00
  .0000000000000000E+00
  .4134304285049438E-03
  .0000000000000000E+00
  .0000000000000000E+00
  .2011208081245422E-02
  .0000000000000000E+00
  .0000000000000000E+00
  .9120352447032928E-03
  .0000000000000000E+00
  .0000000000000000E+00
  .1633770084381104E-02
  .0000000000000000E+00
  .0000000000000000E+00
  .1922624427080154E-02
  .0000000000000000E+00
  .0000000000000000E+00
  .8497311115264893E-03
  .0000000000000000E+00
  .0000000000000000E+00
  .1775982779264450E-02
  .0000000000000000E+00
  .0000000000000000E+00
  .5033347547054292E-03
  .0000000000000000E+00
  .0000000000000000E+00
  .1239012217521667E-02
  .0000000000000000E+00
  .0000000000000000E+00
  .1569099527597427E-02
  .0000000000000000E+00
  .0000000000000000E+00
  .1369997590780258E-02
  .0000000000000000E+00
  .0000000000000000E+00
  .2302770191431046E-02
  .0000000000000000E+00
  .0000000000000000E+00
  .1834421598911285E-02
  .0000000000000000E+00
  .0000000000000000E+00
  .2290592086315155E-02
  .0000000000000000E+00
  .0000000000000000E+00
  .1257015407085419E-03
  .0000000000000000E+00
  .0000000000000000E+00
  .1498153531551361E-02
  .0000000000000000E+00
  .0000000000000000E+00
  .2832145333290100E-03
  .0000000000000000E+00
  .0000000000000000E+00
  .3823979675769806E-03
  .0000000000000000E+00
  .0000000000000000E+00
  .1107936459779739E-02
  .0000000000000000E+00
  .0000000000000000E+00
  .7377863466739656E-03
  .0000000000000000E+00
  .0000000000000000E+00
  .1024457561969757E-02
  .0000000000000000E+00
  .0000000000000000E+00
  .6783666491508484E-03
  .0000000000000000E+00
  .0000000000000000E+00
  .2154630702733994E-02
  .0000000000000000E+00
  .0000000000000000E+00
  .4134304285049438E-03
  .0000000000000000E+00
  .0000000000000000E+00
  .2011208081245422E-02
  .0000000000000000E+00
  .0000000000000000E+00
  .9120352447032928E-03
  .0000000000000000E+00
  .0000000000000000E+00
  .1633770084381104E-02
  .0000000000000000E+00
  .0000000000000000E+00
  .1922624427080154E-02
  .0000000000000000E+00
  .0000000000000000E+00
  .8497311115264893E-03
  .0000000000000000E+00
  .0000000000000000E+00
  .1775982779264450E-02
  .0000000000000000E+00
  .0000000000000000E+00
  .5033347547054292E-03
  .0000000000000000E+00
  .0000000000000000E+00
  .1239012217521667E-02
  .0000000000000000E+00
  .0000000000000000E+00
  .1569099527597427E-02
  .0000000000000000E+00
  .0000000000000000E+00
  .1369997590780258E-02
  .0000000000000000E+00
  .0000000000000000E+00
  .2302770191431046E-02
  .0000000000000000E+00
  .0000000000000000E+00
  .1834421598911285E-02
  .0000000000000000E+00
  .0000000000000000E+00
  .2290592086315155E-02
  .0000000000000000E+00
  .0000000000000000E+00
  .1257015407085419E-03
  .0000000000000000E+00
  .0000000000000000E+00
  .1498153531551361E-02
  .0000000000000000E+00
  .0000000000000000E+00
  .2832145333290100E-03
  .0000000000000000E+00
  .0000000000000000E+00
  .3823979675769806E-03
  .0000000000000000E+00
  .0000000000000000E+00
  .1107936459779739E-02
  .0000000000000000E+00
  .0000000000000000E+00
  .7377863466739656E-03
  .0000000000000000E+00
  .0000000000000000E+00
  .1024457561969757E-02
  .0000000000000000E+00
  .0000000000000000E+00
  .6783666491508484E-03
  .0000000000000000E+00
  .0000000000000000E+00
  .2154630702733994E-02
  .0000000000000000E+00
  .0000000000000000E+00
  .4134304285049438E-03
  .0000000000000000E+00
  .0000000000000000E+00
  .2011208081245422E-02
  .0000000000000000E+00
  .0000000000000000E+00
  .1094442293643951E-01
  .4383992290496826E-03
  .5774010860142110E+02
  .8168850421905519E-02
  .7829418650865556E-03
  .1624605535376072E+01
  .6674390698608754E-02
  .3718372580993175E-03
  .1707893690711022E+02
  .2438303424525261E-02
  .6092974949598312E-03
  .3653750608991385E+02
  .4434451401545405E-02
  .4047589610815049E-04
  .9735052441092732E+02
  .1025242561859489E-02
  .3071214739680290E-03
  .2001582076563835E+02
  .2255745643219947E-02
  .8779650533199311E-04
  .8379296228892801E+02
  .2332623357726335E-02
  .9559949189424515E-04
  .2348271866652250E+02
  .2074176352441311E-02
  .7443117136800287E-03
  .1017838762569428E+02
  .4539220601348878E-02
  .2951145386695862E-03
  .8575097207220195E+02
  .2481055212527513E-02
  .2305029514431953E-02
  .3053593722381592E+02
  .2809411193865538E-02
  .1458488295674324E-02
  .9274359671596885E+02
  .1493585706698895E-03
  .3188853440046311E-01
  .2466340298056602E+01
  .1751341478383541E-02
  .0000000000000000E+00
  .1790620456762313E+02
  .3101199139952660E-03
  .0000000000000000E+00
  .2562025708661079E+02
  .3992234781503678E-03
  .3146521594226361E-02
  .7811041263833641E+02
  .1107936459779739E-02
  .0000000000000000E+00
  .8281912993481757E+02
  .7129967254257204E-03
  .0000000000000000E+00
  .5408608642230033E+02
  .1051810578874350E-02
  .0000000000000000E+00
  .1115101458275771E+03
  .8989036467897891E-03
  .3551965558528900E-04
  .4147522335678340E+01
  .2394872026088834E-02
  .1796905074298382E-04
  .5879054088513851E+01
  .3542685341858863E-03
  .1307529593150615E-02
  .8987869858102798E+01
  .1839048669490814E-02
  .1316788323559761E-02
  .1925377590729773E+02
  .1323363140064478E-02
  .6273218968182801E-03
  .3312685697283028E+02
  .1162917546062470E-02
  .9139694889789820E-03
  .9915479606124761E+01
  .9790003582692145E-03
  .0000000000000000E+00
  .6425377339523077E+02
  .6653394603252412E-03
  .6871776258945466E-06
  .1512872949936748E+02
  .2946533029077649E-02
  .2363188965320587E-05
  .9845283347844601E+02
  .5071097653657199E-03
  .4190335427749157E-03
  .2288858344114780E+02
  .5393420182871817E-03
  .7035049007892608E-04
  .1149867996290445E+03
  .1061025100561380E-02
  .9406990002393722E-04
  .4600150728291809E+02
  .1136550001311302E-02
  .2651291948252915E-03
  .2283553122341157E+02
  .2302770191431046E-03
  .0000000000000000E+00
  .0000000000000000E+00
  .1834421598911285E-03
  .0000000000000000E+00
  .0000000000000000E+00
  .2290592086315155E-03
  .0000000000000000E+00
  .0000000000000000E+00
  .1257015407085419E-04
  .0000000000000000E+00
  .0000000000000000E+00
  .1498153531551361E-03
  .0000000000000000E+00
  .0000000000000000E+00
  .2832145333290100E-04
  .0000000000000000E+00
  .0000000000000000E+00
  .3823979675769807E-04
  .0000000000000000E+00
  .0000000000000000E+00
  .1107936459779739E-03
  .0000000000000000E+00
  .0000000000000000E+00
  .7377863466739656E-04
  .0000000000000000E+00
  .0000000000000000E+00
  .1024457561969757E-03
  .0000000000000000E+00
  .0000000000000000E+00
  .6783666491508484E-04
  .0000000000000000E+00
  .0000000000000000E+00
  .2154630702733994E-03
  .0000000000000000E+00
  .0000000000000000E+00
  .4134304285049438E-04
  .0000000000000000E+00
  .0000000000000000E+00
  .2011208081245422E-03
  .0000000000000000E+00
  .0000000000000000E+00
  .9120352447032930E-04
  .0000000000000000E+00
  .0000000000000000E+00
  .1633770084381104E-03
  .0000000000000000E+00
  .0000000000000000E+00
  .1922624427080154E-03
  .0000000000000000E+00
  .0000000000000000E+00
  .8497311115264894E-04
  .0000000000000000E+00
  .0000000000000000E+00
  .1775982779264450E-03
  .0000000000000000E+00
  .0000000000000000E+00
  .5033347547054291E-04
  .0000000000000000E+00
  .0000000000000000E+00
  .1239012217521667E-03
  .0000000000000000E+00
  .0000000000000000E+00
  .1569099527597427E-03
  .0000000000000000E+00
  .0000000000000000E+00
  .1369997590780258E-03
  .0000000000000000E+00
  .0000000000000000E+00
  .2302770191431046E-03
  .0000000000000000E+00
  .0000000000000000E+00
  .1834421598911285E-03
  .0000000000000000E+00
  .0000000000000000E+00
  .2290592086315155E-03
  .0000000000000000E+00
  .0000000000000000E+00
  .1257015407085419E-04
  .0000000000000000E+00
  .0000000000000000E+00
  .1498153531551361E-03
  .0000000000000000E+00
  .0000000000000000E+00
  .2832145333290100E-04
  .0000000000000000E+00
  .0000000000000000E+00
  .3823979675769807E-04
  .0000000000000000E+00
  .0000000000000000E+00
  .1107936459779739E-03
  .0000000000000000E+00
  .0000000000000000E+00
  .7377863466739656E-04
  .0000000000000000E+00
  .0000000000000000E+00
  .1024457561969757E-03
  .0000000000000000E+00
  .0000000000000000E+00
  .6783666491508484E-04
  .0000000000000000E+00
  .0000000000000000E+00
  .2154630702733994E-03
  .0000000000000000E+00
  .0000000000000000E+00
  .4134304285049438E-04
  .0000000000000000E+00
  .0000000000000000E+00
  .2011208081245422E-03
  .0000000000000000E+00
  .0000000000000000E+00
  .9120352447032930E-04
  .0000000000000000E+00
  .0000000000000000E+00
  .1633770084381104E-03
  .0000000000000000E+00
  .0000000000000000E+00
  .1922624427080154E-03
  .0000000000000000E+00
  .0000000000000000E+00
  .8497311115264894E-04
  .0000000000000000E+00
  .0000000000000000E+00
  .1775982779264450E-05
  .1856615315365949E-06
  .1930749426800383E+02
  .5033347547054291E-04
  .0000000000000000E+00
  .0000000000000000E+00
  .1239012217521667E-03
  .0000000000000000E+00
  .0000000000000000E+00
  .1569099527597427E-03
  .0000000000000000E+00
  .0000000000000000E+00
  .1369997590780258E-03
  .0000000000000000E+00
  .0000000000000000E+00
  .2302770191431046E-03
  .0000000000000000E+00
  .0000000000000000E+00
  .1834421598911285E-03
  .0000000000000000E+00
  .0000000000000000E+00
  .2290592086315155E-03
  .0000000000000000E+00
  .0000000000000000E+00
  .1257015407085419E-04
  .0000000000000000E+00
  .0000000000000000E+00
  .1498153531551361E-03
  .0000000000000000E+00
  .0000000000000000E+00
  .2832145333290100E-04
  .0000000000000000E+00
  .0000000000000000E+00
  .3823979675769807E-04
  .0000000000000000E+00
  .0000000000000000E+00
  .1107936459779739E-03
  .0000000000000000E+00
  .0000000000000000E+00
  .7377863466739656E-04
  .0000000000000000E+00
  .0000000000000000E+00
  .1024457561969757E-03
  .0000000000000000E+00
  .0000000000000000E+00
  .6783666491508484E-04
  .0000000000000000E+00
  .0000000000000000E+00
  .2154630702733994E-03
  .0000000000000000E+00
  .0000000000000000E+00
  .4134304285049438E-04
  .0000000000000000E+00
  .0000000000000000E+00
  .2011208081245422E-03
  .0000000000000000E+00
  .0000000000000000E+00
  .9120352447032930E-04
  .0000000000000000E+00
  .0000000000000000E+00
  .1633770084381104E-03
  .0000000000000000E+00
  .0000000000000000E+00
  .1922624427080154E-03
  .0000000000000000E+00
  .0000000000000000E+00
  .8497311115264894E-04
  .0000000000000000E+00
  .0000000000000000E+00
  .1775982779264450E-03
  .0000000000000000E+00
  .0000000000000000E+00
  .5033347547054291E-04
  .0000000000000000E+00
  .0000000000000000E+00
  .1239012217521667E-03
  .0000000000000000E+00
  .0000000000000000E+00
  .1569099527597427E-03
  .0000000000000000E+00
  .0000000000000000E+00
  .1369997590780258E-03
  .0000000000000000E+00
  .0000000000000000E+00
  .2302770191431046E-03
  .0000000000000000E+00
  .0000000000000000E+00
  .1834421598911285E-03
  .0000000000000000E+00
  .0000000000000000E+00
  .2290592086315155E-03
  .0000000000000000E+00
  .0000000000000000E+00
  .1257015407085419E-04
  .0000000000000000E+00
  .0000000000000000E+00
  .1498153531551361E-03
  .0000000000000000E+00
  .0000000000000000E+00
  .2832145333290100E-04
  .0000000000000000E+00
  .0000000000000000E+00
  .3823979675769807E-04
  .0000000000000000E+00
  .0000000000000000E+00
  .1107936459779739E-03
  .0000000000000000E+00
  .0000000000000000E+00
  .7377863466739656E-04
  .0000000000000000E+00
  .0000000000000000E+00
  .1024457561969757E-03
  .0000000000000000E+00
  .0000000000000000E+00
  .6783666491508484E-04
  .0000000000000000E+00
  .0000000000000000E+00
  .2154630702733994E-03
  .0000000000000000E+00
  .0000000000000000E+00
  .4134304285049438E-04
  .0000000000000000E+00
  .0000000000000000E+00
  .2011208081245422E-03
  .0000000000000000E+00
  .0000000000000000E+00
  .9120352447032930E-04
  .0000000000000000E+00
  .0000000000000000E+00
  .1633770084381104E-03
  .0000000000000000E+00
  .0000000000000000E+00
  .1922624427080154E-03
  .0000000000000000E+00
  .0000000000000000E+00
  .8497311115264894E-04
  .0000000000000000E+00
  .0000000000000000E+00
  .1775982779264450E-03
  .0000000000000000E+00
  .0000000000000000E+00
  .5033347547054291E-04
  .0000000000000000E+00
  .0000000000000000E+00
  .1239012217521667E-03
  .0000000000000000E+00
  .0000000000000000E+00
  .1569099527597427E-03
  .0000000000000000E+00
  .0000000000000000E+00
  .1369997590780258E-03
  .0000000000000000E+00
  .0000000000000000E+00
  .2302770191431046E-03
  .0000000000000000E+00
  .0000000000000000E+00
  .1834421598911285E-03
  .0000000000000000E+00
  .0000000000000000E+00
  .2290592086315155E-03
  .0000000000000000E+00
  .0000000000000000E+00
  .1257015407085419E-04
  .0000000000000000E+00
  .0000000000000000E+00
  .1498153531551361E-03
  .0000000000000000E+00
  .0000000000000000E+00
  .2832145333290100E-04
  .0000000000000000E+00
  .0000000000000000E+00
  .3823979675769807E-04
  .0000000000000000E+00
  .0000000000000000E+00
  .1107936459779739E-03
  .0000000000000000E+00
  .0000000000000000E+00
  .7377863466739656E-04
  .0000000000000000E+00
  .0000000000000000E+00
  .1024457561969757E-03
  .0000000000000000E+00
  .0000000000000000E+00
  .6783666491508484E-04
  .0000000000000000E+00
  .0000000000000000E+00
  .2154630702733994E-03
  .0000000000000000E+00
  .0000000000000000E+00
  .4134304285049438E-04
  .0000000000000000E+00
  .0000000000000000E+00
  .2011208081245422E-03
  .0000000000000000E+00
  .0000000000000000E+00
  .9120352447032930E-04
  .0000000000000000E+00
  .0000000000000000E+00
  .1633770084381104E-03
  .0000000000000000E+00
  .0000000000000000E+00
  .1922624427080154E-03
  .0000000000000000E+00
  .0000000000000000E+00
  .8497311115264894E-04
  .0000000000000000E+00
  .0000000000000000E+00
  .1775982779264450E-03
  .0000000000000000E+00
  .0000000000000000E+00
  .5033347547054291E-04
  .0000000000000000E+00
  .0000000000000000E+00
  .1239012217521667E-03
  .0000000000000000E+00
  .0000000000000000E+00
  .1569099527597427E-03
  .0000000000000000E+00
  .0000000000000000E+00
  .1369997590780258E-03
  .0000000000000000E+00
  .0000000000000000E+00
  .2302770191431046E-03
  .0000000000000000E+00
  .0000000000000000E+00
  .1834421598911285E-03
  .0000000000000000E+00
  .0000000000000000E+00
  .2290592086315155E-03
  .0000000000000000E+00
  .0000000000000000E+00
  .1257015407085419E-04
  .0000000000000000E+00
  .0000000000000000E+00
  .1498153531551361E-03
  .0000000000000000E+00
  .0000000000000000E+00
  .2832145333290100E-04
  .0000000000000000E+00
  .0000000000000000E+00
  .3823979675769807E-04
  .0000000000000000E+00
  .0000000000000000E+00
  .1107936459779739E-03
  .0000000000000000E+00
  .0000000000000000E+00
  .7377863466739656E-04
  .0000000000000000E+00
  .0000000000000000E+00
  .1024457561969757E-03
  .0000000000000000E+00
  .0000000000000000E+00
  .6783666491508484E-04
  .0000000000000000E+00
  .0000000000000000E+00
  .2154630702733994E-03
  .0000000000000000E+00
  .0000000000000000E+00
  .4134304285049438E-04
  .0000000000000000E+00
  .0000000000000000E+00
  .2011208081245422E-03
  .0000000000000000E+00
  .0000000000000000E+00
  .9120352447032930E-04
  .0000000000000000E+00
  .0000000000000000E+00
  .1633770084381104E-03
  .0000000000000000E+00
  .0000000000000000E+00
  .1922624427080154E-03
  .0000000000000000E+00
  .0000000000000000E+00
  .8497311115264894E-04
  .0000000000000000E+00
  .0000000000000000E+00
  .1775982779264450E-03
  .0000000000000000E+00
  .0000000000000000E+00
  .5033347547054291E-04
  .0000000000000000E+00
  .0000000000000000E+00
  .1239012217521667E-03
  .0000000000000000E+00
  .0000000000000000E+00
  .1569099527597427E-03
  .0000000000000000E+00
  .0000000000000000E+00
  .1369997590780258E-03
  .0000000000000000E+00
  .0000000000000000E+00
  .2302770191431046E-03
  .0000000000000000E+00
  .0000000000000000E+00
  .1834421598911285E-03
  .0000000000000000E+00
  .0000000000000000E+00
  .2290592086315155E-03
  .0000000000000000E+00
  .0000000000000000E+00
  .1257015407085419E-04
  .0000000000000000E+00
  .0000000000000000E+00
  .1498153531551361E-03
  .0000000000000000E+00
  .0000000000000000E+00
  .2832145333290100E-04
  .0000000000000000E+00
  .0000000000000000E+00
  .3823979675769807E-04
  .0000000000000000E+00
  .0000000000000000E+00
  .1107936459779739E-03
  .0000000000000000E+00
  .0000000000000000E+00
  .7377863466739656E-04
  .0000000000000000E+00
  .0000000000000000E+00
  .1024457561969757E-03
  .0000000000000000E+00
  .0000000000000000E+00
  .6783666491508484E-04
  .0000000000000000E+00
  .0000000000000000E+00
  .2154630702733994E-03
  .0000000000000000E+00
  .0000000000000000E+00
  .4134304285049438E-04
  .0000000000000000E+00
  .0000000000000000E+00
  .2011208081245422E-03
  .0000000000000000E+00
  .0000000000000000E+00
  .9120352447032930E-04
  .0000000000000000E+00
  .0000000000000000E+00
  .1633770084381104E-03
  .0000000000000000E+00
  .0000000000000000E+00
  .1922624427080154E-03
  .0000000000000000E+00
  .0000000000000000E+00
  .8497311115264894E-04
  .0000000000000000E+00
  .0000000000000000E+00
  .1775982779264450E-03
  .0000000000000000E+00
  .0000000000000000E+00
  .5033347547054291E-04
  .0000000000000000E+00
  .0000000000000000E+00
  .1239012217521667E-03
  .0000000000000000E+00
  .0000000000000000E+00
  .1569099527597427E-03
  .0000000000000000E+00
  .0000000000000000E+00
  .1369997590780258E-03
  .0000000000000000E+00
  .0000000000000000E+00
  .2302770191431046E-03
  .0000000000000000E+00
  .0000000000000000E+00
  .1834421598911285E-03
  .0000000000000000E+00
  .0000000000000000E+00
  .2290592086315155E-03
  .0000000000000000E+00
  .0000000000000000E+00
  .1257015407085419E-04
  .0000000000000000E+00
  .0000000000000000E+00
  .1498153531551361E-03
  .0000000000000000E+00
  .0000000000000000E+00
  .2832145333290100E-04
  .0000000000000000E+00
  .0000000000000000E+00
  .3823979675769807E-04
  .0000000000000000E+00
  .0000000000000000E+00
  .3323809379339217E+02
  .5113700364112855E-01
  .3408099883317948E+02
  .1531128005252481E-02
  .1172800900518894E-02
  .4951103895461558E+02
  .1786653988075256E-02
  .1487029445171356E-02
  .1115747405244112E+03
  .1038172319860458E-02
  .4718786244505644E-03
  .3102816830849648E+01
  .2713541907023192E-02
  .1107336460351944E-02
  .4532663509708643E+02
  .4946281646633147E-03
  .1060098853311538E-01
  .6087979608440399E+01
  .2444824543561935E-02
  .1904886826503276E-02
  .8493058859884739E+01
  .9563601575958728E-03
  .5890989640355109E-02
  .6955625094497201E+02
  .1633770084381104E-02
  .1393175965815783E-01
  .3970618560529948E+02
  .1605391396611929E-02
  .2219650134682655E-02
  .4240229848992825E+02
  .2005365423202515E-02
  .2004268075525761E-02
  .1862794818568230E+01
  .1196124401834607E-02
  .7391250593662263E-04
  .1111789442610741E+02
  .6558451853811740E-03
  .1450212618541717E-02
  .1814132720279693E+02
  .1360435414838790E-02
  .8496435999870300E-04
  .7633540272367000E+02
  .7845497637987135E-02
  .9024592034816742E-04
  .2713888555548906E+02
  .1942930583244562E-02
  .2437460211515426E-03
  .2040578835391999E+02
  .1733755677128435E-02
  .1032900885343552E-03
  .8827730056938528E+02
  .4660714956353902E-02
  .1623765235722065E-03
  .5482720050902366E+01
  .9531153671157361E-03
  .6783666491508484E-04
  .1047773008317089E+03
  .4611989528596403E-04
  .2531691075712443E-03
  .2194544563863218E+02
  .2793157444224358E-02
  .4506391670703887E-04
  .2880009558896064E+02
  .7522178005218505E-04
  .2023275329732895E-03
  .8487243653779207E+02
  .1685610241079331E-03
  .8846741873621940E-04
  .4803485552793741E+01
  .3367018901270627E-03
  .1579855671596528E-03
  .3628474990637899E+01
  .4645840625005961E-03
  .1803421712601185E-03
  .4166631842903136E+02
  .8498899934101105E-03
  .7877007403850556E-04
  .1301468611602545E+02
  .2265744608163834E-03
  .1360402808916569E-03
  .2040211426624060E+01
  .4778970898663999E-03
  .3568643410861492E-04
  .3234618345366597E+02
  .8487726697206496E-04
  .8573964545249934E-04
  .5026321608803272E+01
  .1018676893150806E-02
  .1024621991521120E-03
  .7594691314656139E+01
  .5472211468219757E-02
  .2007046470493078E-03
  .5733947877756475E+02
  .1994996650037766E-02
  .1927418650227785E-03
  .1404250887214959E+02
  .5767873281240462E-02
  .1227228049671650E-03
  .4784595863696695E+02
  .3070928237056732E-03
  .1246082094955444E-03
  .1358225704929829E+01
  .1040548310371041E-02
  .6662181657552721E-05
  .1007686305577445E+03
  .8405690403580665E-04
  .7925232181906702E-04
  .7167477966818808E+01
  .1797806727623939E-03
  .1481212009310722E-04
  .3037145435569524E+02
  .2877728533613681E-03
  .1999941370427608E-04
  .4647713366303086E+02
  .9677662981271743E-03
  .4996793433606623E-04
  .1564988363828660E+01
  .9835131487601996E-03
  .2995412567496300E-04
  .3767747863504707E+02
  .8286082362282274E-03
  .4108074823498727E-04
  .2141432866091251E+02
  .4653108764140606E-02
  .2618495265722275E-04
  .7168328252633930E+02
  .2237487424612046E-04
  .8015226214170457E-04
  .2731622880524099E+02
  .2584314841926098E-03
  .1542095498323440E-04
  .2067638808355807E+02
  .3953674885272979E-04
  .7320797415733337E-04
  .8591023896534500E+02
  .8688081823349001E-04
  .3073558774650097E-04
  .2916985170313417E+02
  .2820806226599215E-03
  .5522142885208131E-04
  .4616870012203932E+02
  .2060637266260386E-03
  .6113945678114892E-04
  .6223972354514120E+02
  .6562675141978263E-03
  .2625669134616852E-04
  .1255301728102863E+03
  .3602805273640156E-03
  .5345708165585994E-04
  .5479191887790561E+01
  .5250835022562743E-03
  .1489870873928070E-04
  .2981430398534417E+02
  .2037385151672363E-03
  .3518794697761534E-04
  .1115383796609640E+02
  .3909788509941100E-03
  .4346405691444873E-04
  .1655351089904964E+02
  .1223951298391819E-03
  .3767493374645710E-04
  .5488285126529513E+02
  .3086191689395905E-03
  .6263534920692444E-04
  .2201392145478845E+02
  .9265127114099262E-03
  .2014194915604591E-03
  .5879331214417577E+02
  .3606258837318420E-03
  .2476130045306683E-03
  .3986285940405130E+02
  .9966815357232094E-03
  .1213019867837429E-04
  .1331492826107121E+03
  .8128856288492679E-04
  .1306389879512787E-03
  .9427081973812577E+01
  .1239012217521667E-05
  .1416072666645050E-06
  .7948113328354596E+02
  .8033789581298826E-03
  .3640428651332854E-04
  .5082535289567828E+02
  .7802136279493570E-03
  .1007114241939783E-03
  .5485611786121370E+02
  .1015061100382805E-02
  .6905680204868318E-04
  .8428189474747001E+02
  .4545146395622491E-02
  .6628240425944328E-04
  .4190593430781842E+02
  .2290592086315155E-03
  .0000000000000000E+00
  .0000000000000000E+00
  .1257015407085419E-04
  .0000000000000000E+00
  .0000000000000000E+00
  .1498153531551361E-03
  .0000000000000000E+00
  .0000000000000000E+00
  .2832145333290100E-04
  .0000000000000000E+00
  .0000000000000000E+00
  .3823979675769807E-04
  .0000000000000000E+00
  .0000000000000000E+00
  .1107936459779739E-03
  .0000000000000000E+00
  .0000000000000000E+00
  .7377863466739656E-04
  .0000000000000000E+00
  .0000000000000000E+00
  .1024457561969757E-03
  .0000000000000000E+00
  .0000000000000000E+00
  .6783666491508484E-04
  .0000000000000000E+00
  .0000000000000000E+00
  .2154630702733994E-03
  .0000000000000000E+00
  .0000000000000000E+00
  .4134304285049438E-04
  .0000000000000000E+00
  .0000000000000000E+00
  .2011208081245422E-05
  .9431293366818753E-06
  .7214041945016998E+01
  .9120352447032930E-04
  .0000000000000000E+00
  .0000000000000000E+00
  .1633770084381104E-03
  .0000000000000000E+00
  .0000000000000000E+00
  .1922624427080154E-03
  .0000000000000000E+00
  .0000000000000000E+00
  .8497311115264894E-04
  .0000000000000000E+00
  .0000000000000000E+00
  .1775982779264450E-03
  .0000000000000000E+00
  .0000000000000000E+00
  .5033347547054291E-04
  .0000000000000000E+00
  .0000000000000000E+00
  .1239012217521667E-03
  .0000000000000000E+00
  .0000000000000000E+00
  .1569099527597427E-03
  .0000000000000000E+00
  .0000000000000000E+00
  .1369997590780258E-03
  .0000000000000000E+00
  .0000000000000000E+00
  .2302770191431046E-03
  .0000000000000000E+00
  .0000000000000000E+00
  .1834421598911285E-03
  .0000000000000000E+00
  .0000000000000000E+00
  .2290592086315155E-03
  .0000000000000000E+00
  .0000000000000000E+00
  .1257015407085419E-04
  .0000000000000000E+00
  .0000000000000000E+00
  .1498153531551361E-03
  .0000000000000000E+00
  .0000000000000000E+00
  .2832145333290100E-04
  .0000000000000000E+00
  .0000000000000000E+00
  .3823979675769807E-04
  .0000000000000000E+00
  .0000000000000000E+00
  .1107936459779739E-03
  .0000000000000000E+00
  .0000000000000000E+00
  .7377863466739656E-04
  .0000000000000000E+00
  .0000000000000000E+00
  .1024457561969757E-03
  .0000000000000000E+00
  .0000000000000000E+00
  .6783666491508484E-04
  .0000000000000000E+00
  .0000000000000000E+00
  .2154630702733994E-03
  .0000000000000000E+00
  .0000000000000000E+00
  .4134304285049438E-04
  .0000000000000000E+00
  .0000000000000000E+00
  .2011208081245422E-03
  .0000000000000000E+00
  .0000000000000000E+00
  .9120352447032930E-04
  .0000000000000000E+00
  .0000000000000000E+00
  .1633770084381104E-03
  .0000000000000000E+00
  .0000000000000000E+00
  .1922624427080154E-03
  .0000000000000000E+00
  .0000000000000000E+00
  .8497311115264894E-04
  .0000000000000000E+00
  .0000000000000000E+00
  .1775982779264450E-03
  .0000000000000000E+00
  .0000000000000000E+00
  .5033347547054291E-04
  .0000000000000000E+00
  .0000000000000000E+00
  .1239012217521667E-03
  .0000000000000000E+00
  .0000000000000000E+00
  .1569099527597427E-03
  .0000000000000000E+00
  .0000000000000000E+00
  .1369997590780258E-03
  .0000000000000000E+00
  .0000000000000000E+00
  .2302770191431046E-03
  .0000000000000000E+00
  .0000000000000000E+00
  .1834421598911285E-03
  .0000000000000000E+00
  .0000000000000000E+00
  .2290592086315155E-03
  .0000000000000000E+00
  .0000000000000000E+00
  .1257015407085419E-04
  .0000000000000000E+00
  .0000000000000000E+00
  .1498153531551361E-03
  .0000000000000000E+00
  .0000000000000000E+00
  .2832145333290100E-04
  .0000000000000000E+00
  .0000000000000000E+00
  .3823979675769807E-04
  .0000000000000000E+00
  .0000000000000000E+00
  .1107936459779739E-03
  .0000000000000000E+00
  .0000000000000000E+00
  .7377863466739656E-04
  .0000000000000000E+00
  .0000000000000000E+00
  .1024457561969757E-03
  .0000000000000000E+00
  .0000000000000000E+00
  .6783666491508484E-04
  .0000000000000000E+00
  .0000000000000000E+00
  .2154630702733994E-03
  .0000000000000000E+00
  .0000000000000000E+00
  .4134304285049438E-04
  .0000000000000000E+00
  .0000000000000000E+00
  .2011208081245422E-03
  .0000000000000000E+00
  .0000000000000000E+00
  .9120352447032930E-04
  .0000000000000000E+00
  .0000000000000000E+00
  .1633770084381104E-03
  .0000000000000000E+00
  .0000000000000000E+00
  .1922624427080154E-03
  .0000000000000000E+00
  .0000000000000000E+00
  .8497311115264894E-04
  .0000000000000000E+00
  .0000000000000000E+00
  .1775982779264450E-03
  .0000000000000000E+00
  .0000000000000000E+00
  .5033347547054291E-04
  .0000000000000000E+00
  .0000000000000000E+00
  .1239012217521667E-03
  .0000000000000000E+00
  .0000000000000000E+00
  .1569099527597427E-03
  .0000000000000000E+00
  .0000000000000000E+00
  .1369997590780258E-03
  .0000000000000000E+00
  .0000000000000000E+00
  .2302770191431046E-03
  .0000000000000000E+00
  .0000000000000000E+00
  .1834421598911285E-03
  .0000000000000000E+00
  .0000000000000000E+00
  .2290592086315155E-03
  .0000000000000000E+00
  .0000000000000000E+00
  .1257015407085419E-04
  .0000000000000000E+00
  .0000000000000000E+00
  .1498153531551361E-03
  .0000000000000000E+00
  .0000000000000000E+00
  .2832145333290100E-04
  .0000000000000000E+00
  .0000000000000000E+00
  .3823979675769807E-04
  .0000000000000000E+00
  .0000000000000000E+00
  .1107936459779739E-03
  .0000000000000000E+00
  .0000000000000000E+00
  .7377863466739656E-04
  .0000000000000000E+00
  .0000000000000000E+00
  .1024457561969757E-03
  .0000000000000000E+00
  .0000000000000000E+00
  .6783666491508484E-04
  .0000000000000000E+00
  .0000000000000000E+00
  .2154630702733994E-03
  .0000000000000000E+00
  .0000000000000000E+00
  .4134304285049438E-04
  .0000000000000000E+00
  .0000000000000000E+00
  .2011208081245422E-03
  .0000000000000000E+00
  .0000000000000000E+00
  .9120352447032930E-04
  .0000000000000000E+00
  .0000000000000000E+00
  .1633770084381104E-03
  .0000000000000000E+00
  .0000000000000000E+00
  .1922624427080154E-03
  .0000000000000000E+00
  .0000000000000000E+00
  .8497311115264894E-04
  .0000000000000000E+00
  .0000000000000000E+00
  .1775982779264450E-03
  .0000000000000000E+00
  .0000000000000000E+00
  .5033347547054291E-04
  .0000000000000000E+00
  .0000000000000000E+00
  .1239012217521667E-03
  .0000000000000000E+00
  .0000000000000000E+00
  .1569099527597427E-03
  .0000000000000000E+00
  .0000000000000000E+00
  .1369997590780258E-03
  .0000000000000000E+00
  .0000000000000000E+00
  .2302770191431046E-03
  .0000000000000000E+00
  .0000000000000000E+00
  .1834421598911285E-03
  .0000000000000000E+00
  .0000000000000000E+00
  .2290592086315155E-03
  .0000000000000000E+00
  .0000000000000000E+00
  .1257015407085419E-04
  .0000000000000000E+00
  .0000000000000000E+00
  .1498153531551361E-03
  .0000000000000000E+00
  .0000000000000000E+00
  .2832145333290100E-04
  .0000000000000000E+00
  .0000000000000000E+00
  .3823979675769807E-04
  .0000000000000000E+00
  .0000000000000000E+00
  .1107936459779739E-03
  .0000000000000000E+00
  .0000000000000000E+00
  .7377863466739656E-04
  .0000000000000000E+00
  .0000000000000000E+00
  .1024457561969757E-03
  .0000000000000000E+00
  .0000000000000000E+00
  .6783666491508484E-04
  .0000000000000000E+00
  .0000000000000000E+00
  .2154630702733994E-03
  .0000000000000000E+00
  .0000000000000000E+00
  .4134304285049438E-04
  .0000000000000000E+00
  .0000000000000000E+00
  .2011208081245422E-03
  .0000000000000000E+00
  .0000000000000000E+00
  .9120352447032930E-04
  .0000000000000000E+00
  .0000000000000000E+00
  .1633770084381104E-03
  .0000000000000000E+00
  .0000000000000000E+00
  .1922624427080154E-03
  .0000000000000000E+00
  .0000000000000000E+00
  .8497311115264894E-04
  .0000000000000000E+00
  .0000000000000000E+00
  .1775982779264450E-03
  .0000000000000000E+00
  .0000000000000000E+00
  .5033347547054291E-04
  .0000000000000000E+00
  .0000000000000000E+00
  .1239012217521667E-03
  .0000000000000000E+00
  .0000000000000000E+00
  .1569099527597427E-03
  .0000000000000000E+00
  .0000000000000000E+00
  .1369997590780258E-03
  .0000000000000000E+00
  .0000000000000000E+00
  .2302770191431046E-03
  .0000000000000000E+00
  .0000000000000000E+00
  .1834421598911285E-03
  .0000000000000000E+00
  .0000000000000000E+00
  .2290592086315155E-03
  .0000000000000000E+00
  .0000000000000000E+00
  .1257015407085419E-04
  .0000000000000000E+00
  .0000000000000000E+00
  .1498153531551361E-03
  .0000000000000000E+00
  .0000000000000000E+00
  .2832145333290100E-04
  .0000000000000000E+00
  .0000000000000000E+00
  .3823979675769807E-04
  .0000000000000000E+00
  .0000000000000000E+00
  .1107936459779739E-03
  .0000000000000000E+00
  .0000000000000000E+00
  .7377863466739656E-04
  .0000000000000000E+00
  .0000000000000000E+00
  .1024457561969757E-03
  .0000000000000000E+00
  .0000000000000000E+00
  .6783666491508484E-04
  .0000000000000000E+00
  .0000000000000000E+00
  .2154630702733994E-03
  .0000000000000000E+00
  .0000000000000000E+00
  .4134304285049438E-04
  .0000000000000000E+00
  .0000000000000000E+00
  .2011208081245422E-03
  .0000000000000000E+00
  .0000000000000000E+00
  .9120352447032930E-04
  .0000000000000000E+00
  .0000000000000000E+00
  .1633770084381104E-03
  .0000000000000000E+00
  .0000000000000000E+00
  .1922624427080154E-03
  .0000000000000000E+00
  .0000000000000000E+00
  .8497311115264894E-04
  .0000000000000000E+00
  .0000000000000000E+00
  .1775982779264450E-03
  .0000000000000000E+00
  .0000000000000000E+00
  .5033347547054291E-04
  .0000000000000000E+00
  .0000000000000000E+00
  .1239012217521667E-03
  .0000000000000000E+00
  .0000000000000000E+00
  .1569099527597427E-03
  .0000000000000000E+00
  .0000000000000000E+00
  .1369997590780258E-03
  .0000000000000000E+00
  .0000000000000000E+00
