  .1239012217521667E+00
  .2832145333290100E-01
  .2011208081245422E+00
  .1934691715120037E+02
  .4926433016294242E+01
  .2842312238355577E+02
  .9559843188464640E+00
  .3752026821044086E+00
  .9187832823534015E+02
  .6908310574293137E+00
  .3697785169529916E-03
  .9271375643487274E+02
  .3773827145928262E+00
  .6152482334165573E-01
  .4201673924476147E+02
  .3079105506108283E+00
  .1248615221760035E-01
  .1015450121734476E+03
  .1409428525194526E-01
  .2758358225640059E-02
  .1108947131567001E+01
  .1508625624736905E+00
  .1196798404436111E-02
  .1081769176995992E+02
  .2373819254003763E-01
  .3326337045571804E-02
  .6149661941545664E+02
  .2609369011355042E-01
  .2028001570122242E-02
  .6170112949500679E+02
  .6473118766263125E-01
  .4638109892549516E-02
  .3943079454191209E+02
  .3607480120697022E-01
  .4777913963736891E-02
  .2644135292670726E+01
  .4631162854640483E-01
  .1340025962877274E-03
  .6749802230349184E+02
  .2745824685767889E-01
  .1782909112103581E-02
  .6099290158259869E+01
  .7930980153693558E-01
  .1957468861049414E-03
  .8713545588673711E+02
  .1455027050080299E-01
  .1496478956322669E-02
  .3796434176368713E+01
  .6679020917007922E-01
  .7889432424759862E-03
  .1755015472194553E+02
  .2836156000453830E-01
  .2637245362251997E-03
  .1808396048381686E+02
  .4673889457397461E-01
  .6947457667547465E-03
  .7512214360468985E+01
  .5239536088678836E-01
  .8566748866915701E-04
  .7620427574712038E+01
  .2182109494400025E-01
  .1449257613011599E-02
  .8439966502075196E+01
  .4399997335627675E-01
  .8673406308889391E-05
  .4582899504715205E+02
  .1194866374195218E-01
  .1765124490873814E-02
  .1399160196276426E+02
  .2794963760285376E-01
  .7015223990559578E-04
  .8629751971250293E+02
  .3368072135987877E-01
  .2677932966941595E-03
  .2234395145998597E+02
  .2807536062785983E-01
  .5329174371540545E-04
  .1022968800634384E+03
  .4574683262296916E-01
  .3138543118751050E-03
  .9564498963639913E+02
  .3468157474901676E-01
  .1349210609114170E-03
  .4128002237106800E+02
  .4131311886878013E-01
  .1536500460326672E-03
  .9518610583229125E+02
  .2190349346846342E-02
  .6743994099557401E-04
  .6009363969903588E+01
  .2496523044977188E-01
  .1641318801164627E-03
  .4169040699639080E+02
  .4539079325664044E-02
  .4822876978826522E-03
  .1736412610225141E+02
  .5908430997031927E-02
  .1730130859202147E-03
  .6749238331075310E+02
  .1661239927793741E-01
  .2091225708007813E-04
  .2447107827029944E+02
  .1072003561717272E-01
  .1961076915621757E-03
  .9580468586690067E+02
  .1462925398492813E-01
  .1441993696260452E-03
  .1404717049893201E+03
  .9438115189635754E-02
  .7974162678897381E-04
  .1236651757490635E+01
  .2932667849491239E-01
  .1429470703363418E-04
  .6524473611441493E+02
  .5483327773261069E-02
  .1380259610319137E-03
  .3603196900278330E+01
  .2581586693086624E-01
  .2581168722897767E-03
  .1416421191803515E+02
  .4560176223516464E-03
  .1917996627092361E-05
  .6860198527216373E+02
  .1633770084381104E-01
  .4616823956800104E-02
  .1907340019148469E+02
  .2091815376663208E-01
  .3567950009882450E-03
  .4901804053361654E+02
  .4246956095409394E-02
  .1840948859771490E-02
  .3578641853597403E+02
  .1818961562522650E-01
  .1820158309459687E-04
  .2449858201622606E+02
  .2931924946159124E-02
  .1658455959427357E-03
  .1477910424298048E+02
  .1409128594987392E-01
  .3438224434614181E-04
  .1096269300925255E+03
  .1298900588945150E-01
  .4386104688107967E-04
  .4787683415307701E+02
  .1715510983175039E-01
  .1184384075504541E-03
  .1003641300536156E+03
  .2025286383363605E-01
  .6876168751001359E-04
  .6676736300409792E+02
  .1801952336610555E-01
  .8533731491208076E-04
  .3143988118025780E+02
  .1153771233876944E-01
  .6227405839204788E-04
  .6556875141560971E+02
  .6609387010455134E-03
  .1646137856888771E-03
  .1944598591371596E+02
  .1069681621527672E-01
  .5163746052026748E-04
  .2105503021723269E+02
  .2061235373568535E-02
  .1379688743734360E-03
  .6202713196573733E+02
  .2911195727163553E-02
  .8016789800941945E-04
  .7540069440353214E+02
  .9393085306012627E-02
  .1212257402610779E-03
  .6993420960568429E+02
  .2456828534424306E-02
  .1680373749268055E-03
  .4938831614964842E+02
  .9668830469870568E-02
  .4393109846591949E-04
  .1031203941930306E+03
  .7246312546229363E-02
  .1030070011973381E-03
  .7039663384300471E+01
  .1490788983221650E-01
  .2813641278803349E-04
  .7510483358232021E+02
  .3304549415040015E-02
  .1050682360458374E-03
  .1323903328918457E+02
  .1219797701275349E-01
  .9241996217548845E-04
  .1023251073479891E+02
  .8353330806237460E-02
  .6014289423525333E-04
  .6781989292520521E+02
  .1262087390184403E-01
  .1008613343846798E-03
  .4035219133044721E+02
  .1209907551961541E-01
  .1348299875199794E-03
  .1789153664526463E+02
  .6302455654191971E-02
  .1081159464740753E-03
  .3728981470382213E+00
  .2094594089864492E-01
  .4965210857987405E-05
  .1117357008346606E+03
  .2752234438729286E-02
  .8105010605692864E-04
  .2348185610605239E+02
  .7914810045528409E-02
  .1265968963980675E-04
  .8910918861008403E+02
  .6337592991966008E-02
  .1701670955717564E-04
  .2747624739250481E+02
  .5447110420942306E-02
  .4753047412455081E-04
  .5425750450229646E+01
  .1876527428997159E-01
  .2589630076825619E-04
  .4461642245482206E+02
  .8154004007160662E-02
  .5050575780510902E-04
  .3156972009409904E+02
  .1097193609344959E-01
  .3982012230515480E-04
  .4878624694639445E+00
  .5699307855725290E-03
  .9889754925549032E-04
  .2375246774150014E+02
  .6984391764092445E-02
  .1509021064043045E-04
  .3087680396674870E+02
  .1055540565717220E-02
  .7662702789545058E-04
  .6857059081572412E+02
  .1325391355621815E-02
  .2927633135497570E-04
  .7640969762914179E+02
  .4336463303577899E-02
  .5914247705459595E-04
  .6848737909440817E+02
  .9050425114649534E-02
  .5325669663012027E-04
  .1101460104850292E+03
  .3512864979994297E-02
  .2302771312236786E-04
  .1438922461518145E+03
  .4787233443057537E-02
  .3711804008662700E-04
  .3271696850791574E+01
  .1461270542594195E-01
  .1575437782227993E-04
  .1560132143151641E+02
  .1463543716907501E-02
  .3097530543804167E-04
  .1615427376655340E+01
  .8352547161412238E-02
  .8096553562402724E-04
  .8564681999211908E+01
  .3949112609565258E-02
  .5356690579950809E-04
  .5156325204450308E+02
  .1875894810886384E-01
  .4352235661804677E-04
  .2973869206173420E+01
  .1937428635168671E-01
  .3375335741996765E-04
  .3590990113670111E+02
  .4758494224548340E-02
  .9162368345260620E-04
  .2485345459826946E+02
  .1840450954151750E-01
  .2363188965320587E-05
  .7181556502668620E+02
  .4514409414952994E-02
  .2591805609583854E-04
  .2636404499533176E+01
  .4034223780250547E-02
  .1087543807983399E-04
  .1089815334192538E+03
  .1743426485113501E-01
  .7342040977478028E-05
  .5056788534609854E+02
  .1327390665706992E-01
  .1828095158636570E-04
  .3298369410254480E+02
  .1144707062160373E-01
  .4463607397377491E-04
  .5112239125361860E+02
  .9548164422333237E-02
  .4364189213991165E-04
  .3395686970571041E+02
  .1165453253517151E-01
  .2428552603960037E-04
  .9597002463105856E+02
  .1175309405624867E-02
  .3835242650866509E-04
  .2165446781693697E+02
  .9814403785192967E-02
  .1017038854122162E-04
  .3037066747589110E+01
  .1889890580904484E-02
  .3398941657304763E-04
  .6253928605154513E+02
  .9487293575584889E-03
  .2964114545285702E-04
  .3853803222864866E+01
  .2908333206921816E-02
  .4786946347236633E-04
  .1305189419571394E+03
  .3091324792563915E-02
  .6210076899468898E-04
  .1057670626862681E+03
  .4513760018038750E-02
  .2175311645507813E-04
  .9509209798970461E+02
  .2894590491926670E-02
  .3551965558528900E-04
  .5817153050139547E+01
  .1161130485703349E-01
  .1645904647886753E-04
  .7638905078956604E+02
  .5216665146875381E-02
  .1685056615829467E-04
  .3436015361254215E+01
  .1584831968021393E-01
  .2102593366980553E-04
  .1726018234313190E+02
  .2802684306973219E-02
  .4301792435050010E-04
  .3883738307382702E+02
  .5059785951328279E-02
  .6401701132178309E-04
  .2428556561619759E+02
  .5790944774365424E-02
  .4971282533049583E-04
  .6418431517252922E+02
  .2394542272281647E-02
  .4695713776946067E-04
  .2871322515860796E+01
  .5091742628151179E-02
  .2564311430454254E-05
  .1181870960847867E+03
  .1577451121246815E-02
  .2951362457156182E-04
  .1942403645027637E+02
  .3567116174244879E-02
  .5862540839910508E-05
  .4333851733871698E+02
  .4782615360116958E-02
  .6194847074747086E-05
  .4313498050881564E+02
  .4360702331453562E-02
  .1695142783463001E-04
  .3013684973051072E+02
  .6825410847401620E-02
  .1209969608545304E-04
  .7184078434227703E+02
  .7249634158897398E-02
  .1546930918574333E-04
  .1550699797358036E+02
  .7123741388440133E-02
  .8479583114385605E-05
  .6891345978379845E+01
  .3970911670982839E-03
  .2671742071390152E-04
  .1402995295265913E+01
  .9206153451383115E-02
  .1757079321146011E-04
  .3385315911567925E+02
  .1828433027172089E-02
  .2554234263181686E-04
  .5710298382823108E+02
  .2640457966119051E-02
  .1760228022277355E-04
  .7312485440572797E+02
  .4559158531993626E-02
  .2548681331634522E-04
  .7344938830290379E+02
  .2008254435646534E-02
  .5652515815615653E-04
  .8206872037641286E+02
  .4948130024313926E-02
  .1750446089744568E-04
  .5271568627445698E+01
  .1641647290945053E-02
  .5097070576488971E-04
  .2081252979665399E+01
  .5087083089154960E-02
  .1379137227892876E-04
  .7001965105017543E+02
  .9372467814207075E-03
  .2787777489423751E-04
  .1307697793321371E+02
  .4678069996976852E-02
  .3467709955990314E-04
  .8469044267520903E+01
  .1948107282686234E-02
  .2890694916546344E-04
  .3691467014152526E+02
  .3412945706272126E-02
  .4582512680947781E-04
  .4626739336490572E+02
  .4266303603690861E-02
  .3173549366116522E-04
  .9137546778233052E+01
  .1855812747573853E-02
  .4123065755367279E-04
  .6678858844214678E+01
  .4171783548492193E-02
  .2124356037974358E-05
  .7890990207850815E+02
  .1146596571218968E-02
  .2262211832642555E-04
  .1288546885129928E+02
  .2955044138789176E-02
  .4021646373271942E-05
  .1586923624425888E+02
  .3668554695522785E-02
  .5391811342835426E-05
  .6025908065279126E+01
  .2959194796085357E-02
  .1495714220702648E-04
  .6975838830888749E+02
  .4893386656790972E-02
  .8705878890752792E-05
  .1154291795159393E+03
  .3854119779312610E-02
  .1270327376842499E-04
  .8890736619901657E+00
  .5165285154640675E-02
  .7597706470489502E-05
  .2901458586139918E+02
  .2139440222859383E-03
  .4632456010878086E-04
  .2432662169619263E+02
  .2828513867568970E-02
  .6697572941780089E-05
  .1168264619901180E+02
  .5083700873255730E-03
  .3057036283493042E-04
  .9194138681957124E+02
  .6554301164269447E-03
  .1331571457266808E-04
  .4862751648570895E+02
  .2053006259971857E-02
  .2189251913070679E-04
  .1132502380145788E+03
  .1221036403745413E-02
  .2499411755204201E-04
  .4486885165641068E+02
  .1815338799810409E-02
  .1062163889408112E-04
  .4697660780219436E+02
  .1186463269364834E-02
  .2202218646287918E-04
  .9231521149635318E+00
  .4042087198328972E-02
  .6040017056465149E-05
  .4719692996587515E+02
  .7131674891710279E-03
  .1362913439273834E-04
  .1324478254421115E+02
  .1472204315471649E-01
  .2369340286672115E-04
  .2215652063937783E+01
  .1180082403121591E-01
  .1506997349858284E-04
  .2091872670980930E+02
  .4386672676563264E-02
  .5204260632634165E-04
  .1667389765619696E+02
  .1447543931148648E-01
  .2439780726552009E-04
  .5459559728400469E+02
  .2250937714433670E-02
  .4214689438819885E-04
  .3432257114377141E+02
  .4448836862057447E-02
  .3431652061343194E-05
  .1252575167358083E+03
  .5881466608732939E-02
  .1453208925604820E-04
  .1366478520903110E+02
  .3402327549314498E-02
  .4106610733270645E-05
  .2527444971539497E+02
  .3855277539306879E-02
  .9101071628332136E-05
  .4997734252515316E+02
  .3530483791440725E-02
  .2448539576113223E-04
  .9730260829249384E+02
  .1180630277146697E-01
  .1128813110411167E-04
  .1023803275293463E+03
  .2441982032470702E-01
  .9834792594909670E-05
  .2674775095551968E+02
  .1988233930921554E-01
  .7258523145914077E-05
  .2318811915746629E+02
  .6642069411039353E-03
  .4244622484385968E-04
  .2331038882644236E+02
  .4058497916972637E-02
  .5167880356311798E-05
  .3260002215887783E+02
  .8082942781209945E-03
  .2353113455057144E-04
  .4687826057654797E+02
  .1463054623949528E-02
  .2590180094957351E-04
  .5591439667131005E+02
  .4155869660633802E-02
  .3055150057792664E-04
  .1128949205740410E+03
  .2043668180286885E-02
  .1922624427080154E-04
  .2511323168909549E+01
  .8567538590753078E-02
  .7987472448348999E-05
  .8019294176426769E+02
  .4050527262079716E-02
  .5256909026622772E-04
  .2050657224656940E+01
  .1347290578419566E-01
  .4832013645172120E-05
  .1734756918789267E+02
  .2292885156488418E-02
  .1486814661026000E-04
  .1327231099685073E+02
  .9557260802078246E-02
  .2181048343360424E-04
  .1522567219643533E+02
  .4439787571215630E-02
  .1411097518503666E-04
  .1330254989799142E+02
  .4249435989475251E-02
  .4168014046490192E-04
  .4761451745529771E+01
  .9613122135400771E-03
  .1126796020110736E-05
  .1572410327117710E+02
  .4888889486170406E-02
  .6818871386273717E-04
  .1652209635540163E+01
  .8141090826600776E-02
  .3930873769137409E-05
  .4806875625110806E+02
  .1001846873588925E-02
  .6397599034114179E-04
  .1690919519041689E+02
  .2558253064867282E-02
  .1097202669629192E-04
  .4588740060409025E+01
  .2994946245108365E-02
  .1255816809823379E-04
  .1504511074387414E+02
  .2686134066305559E-02
  .2568399474695821E-04
  .2386538124886352E+02
  .5801374240617547E-02
  .1687514482600286E-04
  .2626860520177013E+02
  .6644884393059290E-02
  .2292242997617335E-04
  .4035193391153877E+01
  .4985144616640388E-02
  .1365690128290712E-04
  .2594274212495737E+02
  .2277968277324383E-03
  .3577879588362456E-04
  .2136600545742369E+02
  .2448366789933204E-02
  .9698719847864279E-05
  .2185768786094453E+02
  .4020600530821380E-03
  .5059306190191951E-04
  .7353013200786097E+02
  .5626424098480256E-03
  .1928439528981115E-04
  .2995164824407411E+02
  .1474623439670895E-02
  .3238296282736550E-04
  .8561776784979426E+02
  .1036481304556692E-02
  .3310722707165824E-04
  .9671635388613395E+02
  .1765341940091264E-02
  .1956571476602055E-04
  .1096276612572193E+03
  .4054198455676689E-02
  .2747936880409264E-04
  .2338418604667750E+01
  .8243852968574297E-02
  .1074914460814990E-04
  .1587101238317051E+02
  .4134304285049438E-03
  .0000000000000000E+00
  .0000000000000000E+00
  .2011208081245422E-02
  .0000000000000000E+00
  .0000000000000000E+00
  .9120352447032928E-03
  .0000000000000000E+00
  .0000000000000000E+00
  .1633770084381104E-02
  .0000000000000000E+00
  .0000000000000000E+00
  .1922624427080154E-02
  .0000000000000000E+00
  .0000000000000000E+00
  .8497311115264893E-03
  .0000000000000000E+00
  .0000000000000000E+00
  .1775982779264450E-02
  .0000000000000000E+00
  .0000000000000000E+00
  .5033347547054292E-03
  .0000000000000000E+00
  .0000000000000000E+00
  .1239012217521667E-02
  .0000000000000000E+00
  .0000000000000000E+00
  .1569099527597427E-02
  .0000000000000000E+00
  .0000000000000000E+00
  .1369997590780258E-02
  .0000000000000000E+00
  .0000000000000000E+00
  .2302770191431046E-02
  .0000000000000000E+00
  .0000000000000000E+00
  .1834421598911285E-02
  .0000000000000000E+00
  .0000000000000000E+00
  .2290592086315155E-02
  .0000000000000000E+00
  .0000000000000000E+00
  .1257015407085419E-03
  .0000000000000000E+00
  .0000000000000000E+00
  .1498153531551361E-02
  .0000000000000000E+00
  .0000000000000000E+00
  .2832145333290100E-03
  .0000000000000000E+00
  .0000000000000000E+00
  .3823979675769806E-03
  .0000000000000000E+00
  .0000000000000000E+00
  .1107936459779739E-02
  .0000000000000000E+00
  .0000000000000000E+00
  .7377863466739656E-03
  .0000000000000000E+00
  .0000000000000000E+00
  .1024457561969757E-02
  .0000000000000000E+00
  .0000000000000000E+00
  .6783666491508484E-03
  .0000000000000000E+00
  .0000000000000000E+00
  .2154630702733994E-02
  .0000000000000000E+00
  .0000000000000000E+00
  .4134304285049438E-03
  .0000000000000000E+00
  .0000000000000000E+00
  .2011208081245422E-02
  .0000000000000000E+00
  .0000000000000000E+00
  .9120352447032928E-03
  .0000000000000000E+00
  .0000000000000000E+00
  .1633770084381104E-02
  .0000000000000000E+00
  .0000000000000000E+00
  .1922624427080154E-02
  .0000000000000000E+00
  .0000000000000000E+00
  .8497311115264893E-03
  .0000000000000000E+00
  .0000000000000000E+00
  .1775982779264450E-02
  .0000000000000000E+00
  .0000000000000000E+00
  .5033347547054292E-03
  .0000000000000000E+00
  .0000000000000000E+00
  .1239012217521667E-02
  .0000000000000000E+00
  .0000000000000000E+00
  .1569099527597427E-02
  .0000000000000000E+00
  .0000000000000000E+00
  .1369997590780258E-02
  .0000000000000000E+00
  .0000000000000000E+00
  .2302770191431046E-02
  .0000000000000000E+00
  .0000000000000000E+00
  .1834421598911285E-02
  .0000000000000000E+00
  .0000000000000000E+00
  .2290592086315155E-02
  .0000000000000000E+00
  .0000000000000000E+00
  .1257015407085419E-03
  .0000000000000000E+00
  .0000000000000000E+00
  .1498153531551361E-02
  .0000000000000000E+00
  .0000000000000000E+00
  .2832145333290100E-03
  .0000000000000000E+00
  .0000000000000000E+00
  .3823979675769806E-03
  .0000000000000000E+00
  .0000000000000000E+00
  .1107936459779739E-02
  .0000000000000000E+00
  .0000000000000000E+00
  .7377863466739656E-03
  .0000000000000000E+00
  .0000000000000000E+00
  .1024457561969757E-02
  .0000000000000000E+00
  .0000000000000000E+00
  .6783666491508484E-03
  .0000000000000000E+00
  .0000000000000000E+00
  .2154630702733994E-02
  .0000000000000000E+00
  .0000000000000000E+00
  .4134304285049438E-03
  .0000000000000000E+00
  .0000000000000000E+00
  .2011208081245422E-02
  .0000000000000000E+00
  .0000000000000000E+00
  .9120352447032928E-03
  .0000000000000000E+00
  .0000000000000000E+00
  .1633770084381104E-02
  .0000000000000000E+00
  .0000000000000000E+00
  .1922624427080154E-02
  .0000000000000000E+00
  .0000000000000000E+00
  .8497311115264893E-03
  .0000000000000000E+00
  .0000000000000000E+00
  .8879913896322251E+00
  .2011224651336670E-02
  .1292778421640396E+03
  .2265509730929136E-01
  .4486969826996327E-03
  .2229770867272854E+02
  .3593135430812834E-01
  .3200041012084484E-03
  .1038201701203537E+03
  .4550388630032538E-01
  .1770502589881421E-04
  .4383670042609036E+02
  .3972993013262748E-01
  .4874920423030851E-05
  .8708484680776599E+02
  .4868516738723518E-01
  .3801813044410944E-03
  .6611213259934901E+02
  .2621571907004117E-01
  .4296575014901161E-03
  .1030434929703713E+02
  .1993708446007848E-01
  .3283972948539257E-03
  .6831850555274487E+01
  .9339624474644662E-03
  .7631701949083808E-03
  .2198933642924249E+02
  .8803899228161573E-02
  .1084428013968468E-03
  .5958310633084295E+02
  .1351952896299362E-02
  .4605666506052016E-03
  .6344183209981917E+01
  .1533721768357754E-02
  .9348361258208750E-04
  .5351854488455355E+02
  .4121745217672585E-02
  .2944053692054749E-03
  .3771707296544910E+01
  .2499177470723391E-02
  .1178568773800134E-03
  .4919937072496056E+02
  .3138528186850548E-02
  .8616273470878600E-04
  .1101577802598167E+03
  .1909873464019299E-02
  .2440200338709355E-03
  .6714800322493315E+01
  .5513269042155744E-02
  .9216059358656406E-04
  .7865560726745009E+02
  .9992200026535986E-03
  .4135822782087324E-03
  .1341975248290181E+02
  .4606873230900764E-02
  .4151837350022792E-03
  .9812790725586416E+01
  .1907065696674586E-02
  .2081026340395212E-03
  .4942814769286154E+02
  .3265906398677827E-02
  .8589332814037800E-03
  .3738378174323917E+02
  .3665291207785606E-02
  .2597540984058380E-03
  .3926745835030079E+02
  .1558746750984192E-02
  .7169553230166436E-03
  .2908639465230584E+02
  .3035332168040872E-02
  .2146982315301895E-04
  .9342521819668653E+02
  .8199826488906144E-03
  .6066023649251462E-03
  .7736523608613013E+01
  .1239012217521667E-04
  .2265716266632080E-06
  .9153269434798477E+02
  .1859696760108470E-02
  .5857686786734461E-02
  .3981307453703284E+01
  .1369997590780258E-02
  .1020309765175759E-01
  .5851020803194047E+02
  .2821354038541318E-02
  .2140687084874511E-02
  .1068415852499431E+03
  .2111419260346889E-02
  .2124212754744291E-02
  .2421682683983803E+02
  .2345337237178087E-02
  .1111232407974005E-02
  .9392000770895362E+02
  .1690434319448472E-03
  .3179157601884008E-02
  .1618508137188137E+02
  .1659954112958908E-02
  .5456868225836753E-03
  .1598908096345186E+02
  .3015951565420627E-03
  .2448645838916302E-02
  .8245947528425275E+02
  .3665284519225359E-03
  .7765068073403834E-03
  .4014572440142928E+02
  .5539682298898695E-04
  .7513775844209347E-05
  .1382570040457550E+03
  .7377863466739656E-04
  .0000000000000000E+00
  .0000000000000000E+00
  .1024457561969757E-03
  .0000000000000000E+00
  .0000000000000000E+00
  .6783666491508484E-04
  .0000000000000000E+00
  .0000000000000000E+00
  .2154630702733994E-03
  .0000000000000000E+00
  .0000000000000000E+00
  .4134304285049438E-04
  .0000000000000000E+00
  .0000000000000000E+00
  .2011208081245422E-03
  .0000000000000000E+00
  .0000000000000000E+00
  .9120352447032930E-04
  .0000000000000000E+00
  .0000000000000000E+00
  .1633770084381104E-03
  .0000000000000000E+00
  .0000000000000000E+00
  .1922624427080154E-03
  .0000000000000000E+00
  .0000000000000000E+00
  .8497311115264894E-04
  .0000000000000000E+00
  .0000000000000000E+00
  .1775982779264450E-03
  .0000000000000000E+00
  .0000000000000000E+00
  .5033347547054291E-04
  .0000000000000000E+00
  .0000000000000000E+00
  .1239012217521667E-03
  .0000000000000000E+00
  .0000000000000000E+00
  .1569099527597427E-03
  .0000000000000000E+00
  .0000000000000000E+00
  .1369997590780258E-03
  .0000000000000000E+00
  .0000000000000000E+00
  .2302770191431046E-03
  .0000000000000000E+00
  .0000000000000000E+00
  .1834421598911285E-03
  .0000000000000000E+00
  .0000000000000000E+00
  .2290592086315155E-03
  .0000000000000000E+00
  .0000000000000000E+00
  .1257015407085419E-04
  .0000000000000000E+00
  .0000000000000000E+00
  .1498153531551361E-03
  .0000000000000000E+00
  .0000000000000000E+00
  .2832145333290100E-04
  .0000000000000000E+00
  .0000000000000000E+00
  .3823979675769807E-04
  .0000000000000000E+00
  .0000000000000000E+00
  .1107936459779739E-03
  .0000000000000000E+00
  .0000000000000000E+00
  .7377863466739656E-04
  .0000000000000000E+00
  .0000000000000000E+00
  .1024457561969757E-03
  .0000000000000000E+00
  .0000000000000000E+00
  .6783666491508484E-04
  .0000000000000000E+00
  .0000000000000000E+00
  .2154630702733994E-03
  .0000000000000000E+00
  .0000000000000000E+00
  .4134304285049438E-04
  .0000000000000000E+00
  .0000000000000000E+00
  .2011208081245422E-03
  .0000000000000000E+00
  .0000000000000000E+00
  .9120352447032930E-04
  .0000000000000000E+00
  .0000000000000000E+00
  .1633770084381104E-03
  .0000000000000000E+00
  .0000000000000000E+00
  .1922624427080154E-03
  .0000000000000000E+00
  .0000000000000000E+00
  .8497311115264894E-04
  .0000000000000000E+00
  .0000000000000000E+00
  .1775982779264450E-03
  .0000000000000000E+00
  .0000000000000000E+00
  .5033347547054291E-04
  .0000000000000000E+00
  .0000000000000000E+00
  .1239012217521667E-03
  .0000000000000000E+00
  .0000000000000000E+00
  .1569099527597427E-03
  .0000000000000000E+00
  .0000000000000000E+00
  .1369997590780258E-03
  .0000000000000000E+00
  .0000000000000000E+00
  .2302770191431046E-03
  .0000000000000000E+00
  .0000000000000000E+00
  .1834421598911285E-03
  .0000000000000000E+00
  .0000000000000000E+00
  .2290592086315155E-03
  .0000000000000000E+00
  .0000000000000000E+00
  .1257015407085419E-04
  .0000000000000000E+00
  .0000000000000000E+00
  .1498153531551361E-03
  .0000000000000000E+00
  .0000000000000000E+00
  .2832145333290100E-04
  .0000000000000000E+00
  .0000000000000000E+00
  .3823979675769807E-04
  .0000000000000000E+00
  .0000000000000000E+00
  .1107936459779739E-03
  .0000000000000000E+00
  .0000000000000000E+00
  .7377863466739656E-04
  .0000000000000000E+00
  .0000000000000000E+00
  .1024457561969757E-03
  .0000000000000000E+00
  .0000000000000000E+00
  .6783666491508484E-04
  .0000000000000000E+00
  .0000000000000000E+00
  .2154630702733994E-03
  .0000000000000000E+00
  .0000000000000000E+00
  .4134304285049438E-04
  .0000000000000000E+00
  .0000000000000000E+00
  .2011208081245422E-03
  .0000000000000000E+00
  .0000000000000000E+00
  .9120352447032930E-04
  .0000000000000000E+00
  .0000000000000000E+00
  .1633770084381104E-03
  .0000000000000000E+00
  .0000000000000000E+00
  .1922624427080154E-03
  .0000000000000000E+00
  .0000000000000000E+00
  .8497311115264894E-04
  .0000000000000000E+00
  .0000000000000000E+00
  .1775982779264450E-03
  .0000000000000000E+00
  .0000000000000000E+00
  .5033347547054291E-04
  .0000000000000000E+00
  .0000000000000000E+00
  .1239012217521667E-03
  .0000000000000000E+00
  .0000000000000000E+00
  .1569099527597427E-03
  .0000000000000000E+00
  .0000000000000000E+00
  .1369997590780258E-03
  .0000000000000000E+00
  .0000000000000000E+00
  .2302770191431046E-03
  .0000000000000000E+00
  .0000000000000000E+00
  .1834421598911285E-03
  .0000000000000000E+00
  .0000000000000000E+00
  .2290592086315155E-03
  .0000000000000000E+00
  .0000000000000000E+00
  .1257015407085419E-04
  .0000000000000000E+00
  .0000000000000000E+00
  .1498153531551361E-03
  .0000000000000000E+00
  .0000000000000000E+00
  .2832145333290100E-04
  .0000000000000000E+00
  .0000000000000000E+00
  .3823979675769807E-04
  .0000000000000000E+00
  .0000000000000000E+00
  .1107936459779739E-03
  .0000000000000000E+00
  .0000000000000000E+00
  .7377863466739656E-04
  .0000000000000000E+00
  .0000000000000000E+00
  .1024457561969757E-03
  .0000000000000000E+00
  .0000000000000000E+00
  .6783666491508484E-04
  .0000000000000000E+00
  .0000000000000000E+00
  .2154630702733994E-03
  .0000000000000000E+00
  .0000000000000000E+00
  .4134304285049438E-04
  .0000000000000000E+00
  .0000000000000000E+00
  .2011208081245422E-03
  .0000000000000000E+00
  .0000000000000000E+00
  .9120352447032930E-04
  .0000000000000000E+00
  .0000000000000000E+00
  .1633770084381104E-03
  .0000000000000000E+00
  .0000000000000000E+00
  .1922624427080154E-03
  .0000000000000000E+00
  .0000000000000000E+00
  .8497311115264894E-04
  .0000000000000000E+00
  .0000000000000000E+00
  .1775982779264450E-03
  .0000000000000000E+00
  .0000000000000000E+00
  .5033347547054291E-04
  .0000000000000000E+00
  .0000000000000000E+00
  .1239012217521667E-03
  .0000000000000000E+00
  .0000000000000000E+00
  .1569099527597427E-03
  .0000000000000000E+00
  .0000000000000000E+00
  .1369997590780258E-03
  .0000000000000000E+00
  .0000000000000000E+00
  .2302770191431046E-03
  .0000000000000000E+00
  .0000000000000000E+00
  .1834421598911285E-03
  .0000000000000000E+00
  .0000000000000000E+00
  .2290592086315155E-03
  .0000000000000000E+00
  .0000000000000000E+00
  .1257015407085419E-04
  .0000000000000000E+00
  .0000000000000000E+00
  .1498153531551361E-03
  .0000000000000000E+00
  .0000000000000000E+00
  .2832145333290100E-04
  .0000000000000000E+00
  .0000000000000000E+00
  .3823979675769807E-04
  .0000000000000000E+00
  .0000000000000000E+00
  .1107936459779739E-03
  .0000000000000000E+00
  .0000000000000000E+00
  .7377863466739656E-04
  .0000000000000000E+00
  .0000000000000000E+00
  .1024457561969757E-03
  .0000000000000000E+00
  .0000000000000000E+00
  .6783666491508484E-04
  .0000000000000000E+00
  .0000000000000000E+00
  .2154630702733994E-03
  .0000000000000000E+00
  .0000000000000000E+00
  .4134304285049438E-04
  .0000000000000000E+00
  .0000000000000000E+00
  .2011208081245422E-03
  .0000000000000000E+00
  .0000000000000000E+00
  .9120352447032930E-04
  .0000000000000000E+00
  .0000000000000000E+00
  .1633770084381104E-03
  .0000000000000000E+00
  .0000000000000000E+00
  .1922624427080154E-03
  .0000000000000000E+00
  .0000000000000000E+00
  .8497311115264894E-04
  .0000000000000000E+00
  .0000000000000000E+00
  .1775982779264450E-03
  .0000000000000000E+00
  .0000000000000000E+00
  .5033347547054291E-04
  .0000000000000000E+00
  .0000000000000000E+00
  .1239012217521667E-03
  .0000000000000000E+00
  .0000000000000000E+00
  .1569099527597427E-03
  .0000000000000000E+00
  .0000000000000000E+00
  .1369997590780258E-03
  .0000000000000000E+00
  .0000000000000000E+00
  .2302770191431046E-03
  .0000000000000000E+00
  .0000000000000000E+00
  .1834421598911285E-03
  .0000000000000000E+00
  .0000000000000000E+00
  .2290592086315155E-03
  .0000000000000000E+00
  .0000000000000000E+00
  .1257015407085419E-04
  .0000000000000000E+00
  .0000000000000000E+00
  .1498153531551361E-03
  .0000000000000000E+00
  .0000000000000000E+00
  .2832145333290100E-04
  .0000000000000000E+00
  .0000000000000000E+00
  .3823979675769807E-04
  .0000000000000000E+00
  .0000000000000000E+00
  .1107936459779739E-03
  .0000000000000000E+00
  .0000000000000000E+00
  .7377863466739656E-04
  .0000000000000000E+00
  .0000000000000000E+00
  .1024457561969757E-03
  .0000000000000000E+00
  .0000000000000000E+00
  .6783666491508484E-04
  .0000000000000000E+00
  .0000000000000000E+00
  .2154630702733994E-03
  .0000000000000000E+00
  .0000000000000000E+00
  .4134304285049438E-04
  .0000000000000000E+00
  .0000000000000000E+00
  .2011208081245422E-03
  .0000000000000000E+00
  .0000000000000000E+00
  .9120352447032930E-04
  .0000000000000000E+00
  .0000000000000000E+00
  .1633770084381104E-03
  .0000000000000000E+00
  .0000000000000000E+00
  .1922624427080154E-03
  .0000000000000000E+00
  .0000000000000000E+00
  .8497311115264894E-04
  .0000000000000000E+00
  .0000000000000000E+00
  .1775982779264450E-03
  .0000000000000000E+00
  .0000000000000000E+00
  .5033347547054291E-04
  .0000000000000000E+00
  .0000000000000000E+00
  .1239012217521667E-03
  .0000000000000000E+00
  .0000000000000000E+00
  .1569099527597427E-03
  .0000000000000000E+00
  .0000000000000000E+00
  .1369997590780258E-03
  .0000000000000000E+00
  .0000000000000000E+00
  .2302770191431046E-03
  .0000000000000000E+00
  .0000000000000000E+00
  .1834421598911285E-03
  .0000000000000000E+00
  .0000000000000000E+00
  .2290592086315155E-03
  .0000000000000000E+00
  .0000000000000000E+00
  .1257015407085419E-04
  .0000000000000000E+00
  .0000000000000000E+00
  .1498153531551361E-03
  .0000000000000000E+00
  .0000000000000000E+00
  .2832145333290100E-04
  .0000000000000000E+00
  .0000000000000000E+00
  .3823979675769807E-04
  .0000000000000000E+00
  .0000000000000000E+00
  .1107936459779739E-03
  .0000000000000000E+00
  .0000000000000000E+00
  .7377863466739656E-04
  .0000000000000000E+00
  .0000000000000000E+00
  .1024457561969757E-03
  .0000000000000000E+00
  .0000000000000000E+00
  .6783666491508484E-04
  .0000000000000000E+00
  .0000000000000000E+00
  .2154630702733994E-03
  .0000000000000000E+00
  .0000000000000000E+00
  .4134304285049438E-04
  .0000000000000000E+00
  .0000000000000000E+00
  .2011208081245422E-03
  .0000000000000000E+00
  .0000000000000000E+00
  .9120352447032930E-04
  .0000000000000000E+00
  .0000000000000000E+00
  .1633770084381104E-03
  .0000000000000000E+00
  .0000000000000000E+00
  .1922624427080154E-03
  .0000000000000000E+00
  .0000000000000000E+00
  .8497311115264894E-04
  .0000000000000000E+00
  .0000000000000000E+00
  .1775982779264450E-03
  .0000000000000000E+00
  .0000000000000000E+00
  .5033347547054291E-04
  .0000000000000000E+00
  .0000000000000000E+00
  .1239012217521667E-03
  .0000000000000000E+00
  .0000000000000000E+00
  .1569099527597427E-03
  .0000000000000000E+00
  .0000000000000000E+00
  .1369997590780258E-03
  .0000000000000000E+00
  .0000000000000000E+00
  .2302770191431046E-03
  .0000000000000000E+00
  .0000000000000000E+00
  .1834421598911285E-03
  .0000000000000000E+00
  .0000000000000000E+00
  .2290592086315155E-03
  .0000000000000000E+00
  .0000000000000000E+00
  .1257015407085419E-04
  .0000000000000000E+00
  .0000000000000000E+00
  .1498153531551361E-03
  .0000000000000000E+00
  .0000000000000000E+00
  .2832145333290100E-04
  .0000000000000000E+00
  .0000000000000000E+00
  .3823979675769807E-04
  .0000000000000000E+00
  .0000000000000000E+00
  .1107936459779739E-03
  .0000000000000000E+00
  .0000000000000000E+00
  .7377863466739656E-04
  .0000000000000000E+00
  .0000000000000000E+00
  .1024457561969757E-03
  .0000000000000000E+00
  .0000000000000000E+00
  .6783666491508484E-04
  .0000000000000000E+00
  .0000000000000000E+00
  .2154630702733994E-03
  .0000000000000000E+00
  .0000000000000000E+00
  .4134304285049438E-04
  .0000000000000000E+00
  .0000000000000000E+00
  .2011208081245422E-03
  .0000000000000000E+00
  .0000000000000000E+00
  .9120352447032930E-04
  .0000000000000000E+00
  .0000000000000000E+00
  .1633770084381104E-03
  .0000000000000000E+00
  .0000000000000000E+00
  .1922624427080154E-03
  .0000000000000000E+00
  .0000000000000000E+00
  .8497311115264894E-04
  .0000000000000000E+00
  .0000000000000000E+00
  .1775982779264450E-03
  .0000000000000000E+00
  .0000000000000000E+00
  .5033347547054291E-04
  .0000000000000000E+00
  .0000000000000000E+00
  .1239012217521667E-03
  .0000000000000000E+00
  .0000000000000000E+00
  .1569099527597427E-03
  .0000000000000000E+00
  .0000000000000000E+00
  .1369997590780258E-03
  .0000000000000000E+00
  .0000000000000000E+00
  .2302770191431046E-03
  .0000000000000000E+00
  .0000000000000000E+00
  .1834421598911285E-03
  .0000000000000000E+00
  .0000000000000000E+00
  .2290592086315155E-03
  .0000000000000000E+00
  .0000000000000000E+00
  .1257015407085419E-04
  .0000000000000000E+00
  .0000000000000000E+00
  .1498153531551361E-03
  .0000000000000000E+00
  .0000000000000000E+00
  .2832145333290100E-04
  .0000000000000000E+00
  .0000000000000000E+00
  .3823979675769807E-04
  .0000000000000000E+00
  .0000000000000000E+00
  .1107936459779739E-03
  .0000000000000000E+00
  .0000000000000000E+00
  .7377863466739656E-04
  .0000000000000000E+00
  .0000000000000000E+00
  .1024457561969757E-03
  .0000000000000000E+00
  .0000000000000000E+00
  .6783666491508484E-04
  .0000000000000000E+00
  .0000000000000000E+00
  .2154630702733994E-03
  .0000000000000000E+00
  .0000000000000000E+00
  .4134304285049438E-04
  .0000000000000000E+00
  .0000000000000000E+00
  .2011208081245422E-03
  .0000000000000000E+00
  .0000000000000000E+00
  .9120352447032930E-04
  .0000000000000000E+00
  .0000000000000000E+00
  .1633770084381104E-03
  .0000000000000000E+00
  .0000000000000000E+00
  .1922624427080154E-03
  .0000000000000000E+00
  .0000000000000000E+00
  .8497311115264894E-04
  .0000000000000000E+00
  .0000000000000000E+00
  .1775982779264450E-03
  .0000000000000000E+00
  .0000000000000000E+00
  .5033347547054291E-04
  .0000000000000000E+00
  .0000000000000000E+00
  .1239012217521667E-03
  .0000000000000000E+00
  .0000000000000000E+00
  .1569099527597427E-03
  .0000000000000000E+00
  .0000000000000000E+00
  .1369997590780258E-03
  .0000000000000000E+00
  .0000000000000000E+00
  .2302770191431046E-03
  .0000000000000000E+00
  .0000000000000000E+00
  .1834421598911285E-03
  .0000000000000000E+00
  .0000000000000000E+00
  .2290592086315155E-03
  .0000000000000000E+00
  .0000000000000000E+00
  .1257015407085419E-04
  .0000000000000000E+00
  .0000000000000000E+00
  .1498153531551361E-03
  .0000000000000000E+00
  .0000000000000000E+00
  .2832145333290100E-04
  .0000000000000000E+00
  .0000000000000000E+00
  .3823979675769807E-04
  .0000000000000000E+00
  .0000000000000000E+00
  .1107936459779739E-03
  .0000000000000000E+00
  .0000000000000000E+00
  .7377863466739656E-04
  .0000000000000000E+00
  .0000000000000000E+00
  .1024457561969757E-03
  .0000000000000000E+00
  .0000000000000000E+00
  .6783666491508484E-04
  .0000000000000000E+00
  .0000000000000000E+00
  .2154630702733994E-03
  .0000000000000000E+00
  .0000000000000000E+00
  .4134304285049438E-04
  .0000000000000000E+00
  .0000000000000000E+00
  .2011208081245422E-03
  .0000000000000000E+00
  .0000000000000000E+00
  .9120352447032930E-04
  .0000000000000000E+00
  .0000000000000000E+00
  .1061950554847718E+01
  .2993601248860360E+01
  .3541374464035035E+02
  .3652986411452293E+00
  .2408712962352848E+00
  .1832477974822163E+02
  .1614489111900330E+00
  .1782767820779085E-02
  .1731232390631914E+02
  .5061550920903683E-01
  .5028061628341676E-04
  .2063554462929428E+02
  .7251594144516587E-02
  .8481047142112255E-03
  .1772810348950624E+02
  .1265068644456148E-01
  .1081596302783489E-03
  .1180579143691063E+03
  .1259626027769386E-01
  .1029797726684809E-03
  .3310049513601661E+02
  .8853746430176496E-02
  .1658580880290270E-03
  .8427345524656298E+02
  .1332958525309861E-01
  .2927536223602295E-03
  .4250134332259118E+02
  .9633098142362830E-02
  .2879750206696987E-03
  .2285691716895104E+01
  .9768688070508243E-02
  .1664711757016182E-03
  .5694493423605740E+02
  .4898463339871169E-03
  .2738535623174907E-03
  .5842105830914974E+01
  .5581970243207216E-02
  .2077487903237343E-03
  .3987574970260857E+02
  .9645437361586094E-03
  .8644172333192823E-03
  .8254295137912094E+02
  .1228491710637808E-02
  .9795258528113366E-04
  .3516085116761624E+02
  .3357047473132609E-02
  .3430917177200319E-03
  .1392045305651790E+03
  .2079967268543244E-02
  .3028133472651242E-03
  .2172505499590635E+02
  .2605605363113881E-02
  .1412253107357025E-03
  .2853390561922789E+01
  .1630250731239319E-02
  .6754062509542704E-03
  .1228104052722454E+01
  .4854382973259688E-02
  .1475777500796318E-03
  .6951582201751471E+02
  .8691547898459432E-03
  .5063842933011052E-03
  .1579459130922556E+02
  .3948001463484763E-02
  .5491848346590995E-03
  .3270649816685915E+01
  .9120352447032928E-05
  .6849987953901291E-06
  .3672199999116956E+02
  .1937161189050675E-02
  .3483469551683486E-01
  .1458441294378162E+02
  .2355214923173189E-02
  .5548208125907182E-02
  .8467039303923844E+01
  .9836487347030640E-03
  .5154748431043625E-02
  .2792211397236824E+02
  .1775982779264450E-02
  .1034825363729000E-02
  .1107564211802680E+03
  .5331321721839904E-03
  .2078987655733824E-02
  .3968311968004703E+01
  .1268624609520435E-02
  .3115926295685768E-03
  .1055401552714348E+02
  .1734953347664475E-02
  .5079009805357456E-03
  .2995616242637753E+02
  .1329582661852241E-02
  .8157736153358220E-03
  .4594096126476289E+02
  .3423528443600536E-02
  .5075232278770209E-03
  .5387597395808279E+02
  .3323238168587684E-02
  .5442943026745320E-03
  .5120505169991971E+02
  .3089779665230513E-02
  .9683005549979208E-03
  .8429720021606505E+02
  .2035233645612002E-03
  .1116098704016209E-02
  .1740929216227591E+02
  .1901756092951298E-02
  .3324394075608253E-03
  .5974021308002470E+02
  .2675810910892487E-03
  .1107572290341854E-02
  .9426977360857305E+02
  .5006354191517830E-03
  .3909895094043017E-03
  .6468854624146222E+02
  .1319884704535603E-02
  .8582194253253939E-03
  .6784260344080748E+02
  .1275042364321947E-02
  .7082948389363288E-03
  .9388221203124165E+02
  .1473887094405890E-02
  .3899416070795060E-03
  .1187374219783187E+02
  .6671057627749444E-03
  .5418523459535838E-03
  .7697032161589863E+01
  .2681006983411908E-02
  .1391720596760511E-03
  .3289855266074896E+02
  .3585682106423377E-03
  .3555965064287185E-03
  .1361044082819223E+02
  .1719985151081085E-02
  .4079658771753310E-03
  .1759833686586022E+02
  .8304080903023482E-03
  .3664743555337190E-03
  .6232962459241269E+02
  .1571686821174622E-02
  .5282554819142820E-03
  .3833427189365924E+02
  .2910661120156645E-02
  .5870149116516112E-03
  .4193197002322793E+02
  .9202587937831878E-03
  .5987607713627815E-03
  .3356849877657533E+02
  .1461456229056716E-02
  .2886107374668121E-04
  .8677430414348723E+02
  .4202845201790333E-03
  .3131140880942345E-03
  .1811734823794365E+02
  .1729908858103752E-02
  .5800233642578125E-04
  .9575884588910579E+02
  .1128810200153589E-02
  .7674727209270002E-04
  .2968182222477078E+02
  .1223955847603082E-02
  .1497930093622207E-03
  .3015122690725327E+01
  .1692766367720962E-02
  .1417287571960688E-03
  .9802635225178061E+02
  .1449193063139915E-02
  .1762067006587982E-03
  .2954430101666451E+02
  .2290592086315155E-04
  .3391833245754243E-06
  .3239925384212136E+01
  .1440162551897764E-03
  .6834488589072229E-03
  .1128426186574101E+01
  .2459968098807335E-02
  .9368333509922027E-04
  .2039699082850694E+02
  .3956790245139599E-03
  .3447210651254654E-03
  .2553568262207329E+02
  .3978468454670906E-03
  .2522689486849308E-03
  .7913051284443139E+02
  .5521955315542220E-03
  .4076256360530855E-03
  .6142201959305943E+02
  .1267369386316538E-02
  .3143490938276052E-03
  .5351448065207957E+02
  .6473547334086895E-03
  .2665606496858597E-03
  .8122347914390088E+02
  .5466956825506687E-03
  .2470392045956850E-03
  .5420124733811617E+01
  .4180199026374221E-02
  .6659118804752827E-04
  .6456742090280056E+01
  .4134304285049438E-04
  .0000000000000000E+00
  .0000000000000000E+00
  .2011208081245422E-03
  .0000000000000000E+00
  .0000000000000000E+00
  .9120352447032930E-04
  .0000000000000000E+00
  .0000000000000000E+00
  .1633770084381104E-03
  .0000000000000000E+00
  .0000000000000000E+00
  .1922624427080154E-03
  .0000000000000000E+00
  .0000000000000000E+00
  .8497311115264894E-04
  .0000000000000000E+00
  .0000000000000000E+00
  .1775982779264450E-03
  .0000000000000000E+00
  .0000000000000000E+00
  .5033347547054291E-04
  .0000000000000000E+00
  .0000000000000000E+00
  .1239012217521667E-03
  .0000000000000000E+00
  .0000000000000000E+00
  .1569099527597427E-03
  .0000000000000000E+00
  .0000000000000000E+00
  .1369997590780258E-03
  .0000000000000000E+00
  .0000000000000000E+00
  .2302770191431046E-03
  .0000000000000000E+00
  .0000000000000000E+00
  .1834421598911285E-03
  .0000000000000000E+00
  .0000000000000000E+00
  .2290592086315155E-03
  .0000000000000000E+00
  .0000000000000000E+00
  .1257015407085419E-04
  .0000000000000000E+00
  .0000000000000000E+00
  .1498153531551361E-03
  .0000000000000000E+00
  .0000000000000000E+00
  .2832145333290100E-04
  .0000000000000000E+00
  .0000000000000000E+00
  .3823979675769807E-04
  .0000000000000000E+00
  .0000000000000000E+00
  .1107936459779739E-03
  .0000000000000000E+00
  .0000000000000000E+00
  .7377863466739656E-04
  .0000000000000000E+00
  .0000000000000000E+00
  .1024457561969757E-03
  .0000000000000000E+00
  .0000000000000000E+00
  .6783666491508484E-04
  .0000000000000000E+00
  .0000000000000000E+00
  .2154630702733994E-03
  .0000000000000000E+00
  .0000000000000000E+00
  .4134304285049438E-04
  .0000000000000000E+00
  .0000000000000000E+00
  .2011208081245422E-03
  .0000000000000000E+00
  .0000000000000000E+00
  .9120352447032930E-04
  .0000000000000000E+00
  .0000000000000000E+00
  .1633770084381104E-03
  .0000000000000000E+00
  .0000000000000000E+00
  .1922624427080154E-03
  .0000000000000000E+00
  .0000000000000000E+00
  .8497311115264894E-04
  .0000000000000000E+00
  .0000000000000000E+00
  .1775982779264450E-03
  .0000000000000000E+00
  .0000000000000000E+00
  .5033347547054291E-04
  .0000000000000000E+00
  .0000000000000000E+00
  .1239012217521667E-03
  .0000000000000000E+00
  .0000000000000000E+00
  .1569099527597427E-03
  .0000000000000000E+00
  .0000000000000000E+00
  .6849987953901291E-04
  .5458856322199795E-05
  .7686894816044443E+02
  .2302770191431046E-03
  .0000000000000000E+00
  .0000000000000000E+00
  .1834421598911285E-03
  .0000000000000000E+00
  .0000000000000000E+00
  .2290592086315155E-03
  .0000000000000000E+00
  .0000000000000000E+00
  .1257015407085419E-04
  .0000000000000000E+00
  .0000000000000000E+00
  .1498153531551361E-03
  .0000000000000000E+00
  .0000000000000000E+00
  .2832145333290100E-04
  .0000000000000000E+00
  .0000000000000000E+00
  .3823979675769807E-04
  .0000000000000000E+00
  .0000000000000000E+00
  .1107936459779739E-03
  .0000000000000000E+00
  .0000000000000000E+00
  .7377863466739656E-04
  .0000000000000000E+00
  .0000000000000000E+00
  .1024457561969757E-03
  .0000000000000000E+00
  .0000000000000000E+00
  .6783666491508484E-04
  .0000000000000000E+00
  .0000000000000000E+00
  .2154630702733994E-03
  .0000000000000000E+00
  .0000000000000000E+00
  .4134304285049438E-04
  .0000000000000000E+00
  .0000000000000000E+00
  .2011208081245422E-03
  .0000000000000000E+00
  .0000000000000000E+00
  .9120352447032930E-04
  .0000000000000000E+00
  .0000000000000000E+00
  .1633770084381104E-03
  .0000000000000000E+00
  .0000000000000000E+00
  .1922624427080154E-03
  .0000000000000000E+00
  .0000000000000000E+00
  .8497311115264894E-04
  .0000000000000000E+00
  .0000000000000000E+00
  .1775982779264450E-03
  .0000000000000000E+00
  .0000000000000000E+00
  .5033347547054291E-04
  .0000000000000000E+00
  .0000000000000000E+00
  .1239012217521667E-03
  .0000000000000000E+00
  .0000000000000000E+00
  .1569099527597427E-03
  .0000000000000000E+00
  .0000000000000000E+00
  .1369997590780258E-03
  .0000000000000000E+00
  .0000000000000000E+00
  .2302770191431046E-03
  .0000000000000000E+00
  .0000000000000000E+00
  .1834421598911285E-03
  .0000000000000000E+00
  .0000000000000000E+00
  .2290592086315155E-03
  .0000000000000000E+00
  .0000000000000000E+00
  .1257015407085419E-04
  .0000000000000000E+00
  .0000000000000000E+00
  .1498153531551361E-03
  .0000000000000000E+00
  .0000000000000000E+00
  .2832145333290100E-04
  .0000000000000000E+00
  .0000000000000000E+00
  .3823979675769807E-04
  .0000000000000000E+00
  .0000000000000000E+00
  .1107936459779739E-03
  .0000000000000000E+00
  .0000000000000000E+00
  .7377863466739656E-04
  .0000000000000000E+00
  .0000000000000000E+00
  .1024457561969757E-03
  .0000000000000000E+00
  .0000000000000000E+00
  .6783666491508484E-04
  .0000000000000000E+00
  .0000000000000000E+00
  .2154630702733994E-03
  .0000000000000000E+00
  .0000000000000000E+00
  .4134304285049438E-04
  .0000000000000000E+00
  .0000000000000000E+00
  .2011208081245422E-03
  .0000000000000000E+00
  .0000000000000000E+00
  .9120352447032930E-04
  .0000000000000000E+00
  .0000000000000000E+00
  .1633770084381104E-03
  .0000000000000000E+00
  .0000000000000000E+00
  .1922624427080154E-03
  .0000000000000000E+00
  .0000000000000000E+00
  .8497311115264894E-04
  .0000000000000000E+00
  .0000000000000000E+00
  .1775982779264450E-03
  .0000000000000000E+00
  .0000000000000000E+00
  .5033347547054291E-04
  .0000000000000000E+00
  .0000000000000000E+00
  .1239012217521667E-03
  .0000000000000000E+00
  .0000000000000000E+00
  .1569099527597427E-03
  .0000000000000000E+00
  .0000000000000000E+00
  .1369997590780258E-03
  .0000000000000000E+00
  .0000000000000000E+00
  .2302770191431046E-03
  .0000000000000000E+00
  .0000000000000000E+00
  .1834421598911285E-03
  .0000000000000000E+00
  .0000000000000000E+00
  .2290592086315155E-03
  .0000000000000000E+00
  .0000000000000000E+00
  .1257015407085419E-04
  .0000000000000000E+00
  .0000000000000000E+00
  .1498153531551361E-03
  .0000000000000000E+00
  .0000000000000000E+00
  .2832145333290100E-04
  .0000000000000000E+00
  .0000000000000000E+00
  .3823979675769807E-04
  .0000000000000000E+00
  .0000000000000000E+00
  .1107936459779739E-03
  .0000000000000000E+00
  .0000000000000000E+00
  .7377863466739656E-04
  .0000000000000000E+00
  .0000000000000000E+00
  .1024457561969757E-03
  .0000000000000000E+00
  .0000000000000000E+00
  .6783666491508484E-04
  .0000000000000000E+00
  .0000000000000000E+00
  .2154630702733994E-03
  .0000000000000000E+00
  .0000000000000000E+00
  .4134304285049438E-04
  .0000000000000000E+00
  .0000000000000000E+00
  .2011208081245422E-03
  .0000000000000000E+00
  .0000000000000000E+00
  .9120352447032930E-04
  .0000000000000000E+00
  .0000000000000000E+00
  .1633770084381104E-03
  .0000000000000000E+00
  .0000000000000000E+00
  .1922624427080154E-03
  .0000000000000000E+00
  .0000000000000000E+00
  .8497311115264894E-04
  .0000000000000000E+00
  .0000000000000000E+00
  .1775982779264450E-03
  .0000000000000000E+00
  .0000000000000000E+00
  .5033347547054291E-04
  .0000000000000000E+00
  .0000000000000000E+00
  .1239012217521667E-03
  .0000000000000000E+00
  .0000000000000000E+00
  .1569099527597427E-03
  .0000000000000000E+00
  .0000000000000000E+00
  .1369997590780258E-03
  .0000000000000000E+00
  .0000000000000000E+00
  .2302770191431046E-03
  .0000000000000000E+00
  .0000000000000000E+00
  .1834421598911285E-03
  .0000000000000000E+00
  .0000000000000000E+00
  .2290592086315155E-03
  .0000000000000000E+00
  .0000000000000000E+00
  .1257015407085419E-04
  .0000000000000000E+00
  .0000000000000000E+00
  .1498153531551361E-03
  .0000000000000000E+00
  .0000000000000000E+00
  .2832145333290100E-04
  .0000000000000000E+00
  .0000000000000000E+00
  .3823979675769807E-04
  .0000000000000000E+00
  .0000000000000000E+00
  .1107936459779739E-03
  .0000000000000000E+00
  .0000000000000000E+00
  .7377863466739656E-04
  .0000000000000000E+00
  .0000000000000000E+00
  .1024457561969757E-03
  .0000000000000000E+00
  .0000000000000000E+00
  .6783666491508484E-04
  .0000000000000000E+00
  .0000000000000000E+00
  .2154630702733994E-03
  .0000000000000000E+00
  .0000000000000000E+00
  .4134304285049438E-04
  .0000000000000000E+00
  .0000000000000000E+00
  .2011208081245422E-03
  .0000000000000000E+00
  .0000000000000000E+00
  .9120352447032930E-04
  .0000000000000000E+00
  .0000000000000000E+00
  .1633770084381104E-03
  .0000000000000000E+00
  .0000000000000000E+00
  .1922624427080154E-03
  .0000000000000000E+00
  .0000000000000000E+00
  .8497311115264894E-04
  .0000000000000000E+00
  .0000000000000000E+00
  .1775982779264450E-03
  .0000000000000000E+00
  .0000000000000000E+00
  .5033347547054291E-04
  .0000000000000000E+00
  .0000000000000000E+00
  .1239012217521667E-03
  .0000000000000000E+00
  .0000000000000000E+00
  .1569099527597427E-03
  .0000000000000000E+00
  .0000000000000000E+00
  .1369997590780258E-03
  .0000000000000000E+00
  .0000000000000000E+00
  .2302770191431046E-03
  .0000000000000000E+00
  .0000000000000000E+00
  .1834421598911285E-03
  .0000000000000000E+00
  .0000000000000000E+00
  .2290592086315155E-03
  .0000000000000000E+00
  .0000000000000000E+00
  .1257015407085419E-04
  .0000000000000000E+00
  .0000000000000000E+00
  .1498153531551361E-03
  .0000000000000000E+00
  .0000000000000000E+00
  .2832145333290100E-04
  .0000000000000000E+00
  .0000000000000000E+00
  .3823979675769807E-04
  .0000000000000000E+00
  .0000000000000000E+00
  .1107936459779739E-03
  .0000000000000000E+00
  .0000000000000000E+00
  .7377863466739656E-04
  .0000000000000000E+00
  .0000000000000000E+00
  .1024457561969757E-03
  .0000000000000000E+00
  .0000000000000000E+00
  .6783666491508484E-04
  .0000000000000000E+00
  .0000000000000000E+00
  .2154630702733994E-03
  .0000000000000000E+00
  .0000000000000000E+00
  .4134304285049438E-04
  .0000000000000000E+00
  .0000000000000000E+00
  .2011208081245422E-03
  .0000000000000000E+00
  .0000000000000000E+00
  .9120352447032930E-04
  .0000000000000000E+00
  .0000000000000000E+00
  .1633770084381104E-03
  .0000000000000000E+00
  .0000000000000000E+00
  .1922624427080154E-03
  .0000000000000000E+00
  .0000000000000000E+00
  .8497311115264894E-04
  .0000000000000000E+00
  .0000000000000000E+00
  .1775982779264450E-03
  .0000000000000000E+00
  .0000000000000000E+00
  .5033347547054291E-04
  .0000000000000000E+00
  .0000000000000000E+00
  .1239012217521667E-03
  .0000000000000000E+00
  .0000000000000000E+00
  .1569099527597427E-03
  .0000000000000000E+00
  .0000000000000000E+00
  .1369997590780258E-03
  .0000000000000000E+00
  .0000000000000000E+00
  .2302770191431046E-03
  .0000000000000000E+00
  .0000000000000000E+00
  .1834421598911285E-03
  .0000000000000000E+00
  .0000000000000000E+00
  .2290592086315155E-03
  .0000000000000000E+00
  .0000000000000000E+00
  .1257015407085419E-04
  .0000000000000000E+00
  .0000000000000000E+00
  .1498153531551361E-03
  .0000000000000000E+00
  .0000000000000000E+00
  .2832145333290100E-04
  .0000000000000000E+00
  .0000000000000000E+00
  .3823979675769807E-04
  .0000000000000000E+00
  .0000000000000000E+00
  .1107936459779739E-03
  .0000000000000000E+00
  .0000000000000000E+00
  .7377863466739656E-04
  .0000000000000000E+00
  .0000000000000000E+00
  .1024457561969757E-03
  .0000000000000000E+00
  .0000000000000000E+00
  .6783666491508484E-04
  .0000000000000000E+00
  .0000000000000000E+00
  .2154630702733994E-03
  .0000000000000000E+00
  .0000000000000000E+00
  .4134304285049438E-04
  .0000000000000000E+00
  .0000000000000000E+00
  .2011208081245422E-03
  .0000000000000000E+00
  .0000000000000000E+00
  .9120352447032930E-04
  .0000000000000000E+00
  .0000000000000000E+00
  .1633770084381104E-03
  .0000000000000000E+00
  .0000000000000000E+00
  .1922624427080154E-03
  .0000000000000000E+00
  .0000000000000000E+00
  .8497311115264894E-04
  .0000000000000000E+00
  .0000000000000000E+00
  .1775982779264450E-03
  .0000000000000000E+00
  .0000000000000000E+00
  .5033347547054291E-04
  .0000000000000000E+00
  .0000000000000000E+00
  .1239012217521667E-03
  .0000000000000000E+00
  .0000000000000000E+00
  .1569099527597427E-03
  .0000000000000000E+00
  .0000000000000000E+00
  .1369997590780258E-03
  .0000000000000000E+00
  .0000000000000000E+00
  .2302770191431046E-03
  .0000000000000000E+00
  .0000000000000000E+00
  .1834421598911285E-03
  .0000000000000000E+00
  .0000000000000000E+00
  .2290592086315155E-03
  .0000000000000000E+00
  .0000000000000000E+00
  .1257015407085419E-04
  .0000000000000000E+00
  .0000000000000000E+00
  .1498153531551361E-03
  .0000000000000000E+00
  .0000000000000000E+00
  .2832145333290100E-04
  .0000000000000000E+00
  .0000000000000000E+00
  .3823979675769807E-04
  .0000000000000000E+00
  .0000000000000000E+00
  .1107936459779739E-03
  .0000000000000000E+00
  .0000000000000000E+00
  .7377863466739656E-04
  .0000000000000000E+00
  .0000000000000000E+00
  .1024457561969757E-03
  .0000000000000000E+00
  .0000000000000000E+00
  .6783666491508484E-04
  .0000000000000000E+00
  .0000000000000000E+00
  .2154630702733994E-03
  .0000000000000000E+00
  .0000000000000000E+00
